52.472885 -19.071417
71.518608 -10.140586
60.471897 -4.761817
56.299892 -6.867847
63.639679 -10.388646
49.816788 -6.231940
44.927990 -9.701816
6.984664 1.068144
60.126114 28.155010
51.354969 14.246711
62.930248 27.268450
72.021393 -33.010033
26.466141 0.308250
39.547916 -17.751072
58.314232 -4.833189
6.976793 4.414110
59.726650 -30.062729
14.500310 6.087003
52.299351 -38.198357
15.393054 2.904064
63.918259 -30.589266
58.016888 2.996916
6.388785 9.900957
55.445820 42.837543
65.742493 31.701775
64.907318 26.645452
40.359684 -31.667896
48.077675 -18.878927
49.727348 -17.602131
33.799450 -0.964294
6.175062 -49.968712
72.944328 -7.241981
49.169365 -12.465543
54.219154 -0.034022
67.858856 -9.414350
69.351738 -6.919530
73.539772 -13.646278
9.924972 11.824562
67.047615 -9.368871
47.402370 44.098213
58.439049 -2.680207
35.399673 -35.900509
39.313492 -20.355492
15.038172 10.462217
62.925846 -14.472899
10.729759 -26.052408
4.970847 2.181708
9.166924 49.125591
64.207985 -44.263527
32.696991 -16.875887
46.277260 41.252636
68.545547 -31.803194
45.515015 -42.184715
23.320400 17.032261
58.176224 5.669517
67.908249 -29.745180
32.934673 0.925262
51.905392 -27.264719
64.368271 -16.580690
17.133965 1.493163
4.971395 2.278559
24.106285 -23.872431
55.801167 -21.007145
59.817490 -21.088110
57.291264 -26.022448
54.552315 -15.130476
54.812572 -16.929213
34.542038 25.462391
61.947681 -25.460728
27.579622 -17.885691
24.833858 17.861002
40.621861 -12.411468
43.952423 -20.888494
37.465103 37.016758
59.055824 -40.893440
43.177410 -36.875389
45.605705 -23.786678
50.344677 16.586514
56.201267 31.674885
65.316566 36.981113
6.066096 -9.774743
9.006489 -0.786859
50.910011 4.444367
50.159275 -12.851770
71.788765 8.615366
51.406113 -23.774223
52.854057 -12.849107
52.802940 -7.919170
32.524849 -0.170763
75.317810 -7.899884
61.209415 -1.964813
23.003399 -21.903320
58.088326 -0.133826
21.538683 -11.517541
43.653923 -9.649879
47.514652 -8.815533
42.883904 -6.297071
51.863205 -24.184229
58.320301 -4.021349
47.832119 -17.031223
44.844776 -26.718513
30.204426 -9.254678
72.444168 -12.843134
60.750378 4.152257
26.517115 5.334308
10.224951 11.925726
66.095520 -5.023776
47.796257 19.067642
66.481529 -5.033511
66.958000 -14.530858
34.734982 -17.100628
55.518665 15.954635
72.928337 25.358421
41.477081 8.394191
37.906242 24.060905
37.225128 27.860653
60.565918 30.285446
47.310398 31.272766
61.839077 -24.092346
72.018784 -20.139441
68.539001 -7.729259
59.953114 -13.682014
48.450176 0.139680
20.319796 -9.909144
51.360542 -11.669874
46.798004 -3.628830
32.264442 22.908552
59.585842 -39.228424
28.533737 44.363117
20.596521 -18.737907
63.271992 -13.907523
23.772463 -21.834948
21.094164 -24.954105
60.700142 -10.770074
62.094692 -36.330589
20.747938 5.948419
53.087681 -4.758450
25.607719 20.425903
69.968948 -10.465482
6.575831 -31.303488
73.130478 -21.032349
10.509484 2.765431
18.372200 -47.108017
57.249596 -1.858078
31.046410 5.480763
72.665840 -15.812382
20.735617 -26.873037
65.242889 -27.505476
11.823122 6.397820
45.013214 -3.580476
45.071964 -9.098657
64.269531 -10.630151
43.401314 0.306488
38.857052 24.399096
61.042274 -1.822113
60.594769 -44.104767
51.361004 -0.608680
62.664524 -7.264844
35.288837 26.892542
62.686913 -27.068398
8.252260 1.288312
37.167374 -3.795007
48.725487 35.742168
55.408108 33.315865
51.798595 4.896713
7.376357 -30.335390
66.350029 -5.493175
32.004665 -29.391342
64.908409 -10.395202
45.783749 -15.266866
60.063938 -1.531870
34.606747 11.892853
55.026325 6.202909
60.588951 -2.081450
31.763506 1.584961
58.830879 -19.316778
44.335312 -17.784842
72.573929 -20.926456
47.922043 -43.034523
25.685101 38.929901
54.009403 -13.052558
51.018143 -3.728765
69.664848 -8.499857
12.145671 4.050517
17.048811 -26.346020
26.915812 -4.773499
46.794147 -39.806023
62.784992 2.914309
20.859917 -23.176105
61.231693 -16.827517
59.562904 -11.073434
33.682728 30.100376
55.844540 3.749646
18.077938 37.449738
11.560526 -32.983776
28.933723 -5.475624
67.779747 -19.392548
32.906624 -5.410680
18.277792 -17.770283
62.009163 -7.989550
17.672256 -13.635834
38.804279 21.320290
45.870701 -28.096823
7.235537 17.929487
65.568581 -31.183508
68.821602 -15.509124
41.963917 -10.192163
72.887581 -25.097618
23.978817 1.519892
29.959549 -7.264474
15.593405 -43.455040
56.745392 -0.969033
46.574921 5.282784
20.366341 18.904577
46.747013 -1.171231
33.313770 -12.744245
61.016132 4.778199
48.983391 -35.057289
49.100918 2.383773
12.922537 6.259714
68.534012 -13.770446
69.556580 12.622228
12.136464 8.783407
47.826160 14.360332
65.671219 -3.181142
30.916508 28.194490
37.079674 29.110199
37.788891 42.681805
28.314119 -2.798699
76.237953 4.890211
35.484398 5.101199
50.318264 -14.381430
40.992325 -2.283962
49.494511 -28.344379
48.149830 -4.820441
49.943943 -30.497810
33.946045 -18.310442
5.812258 18.244417
51.429348 -15.854789
28.511713 37.368828
61.090054 -14.709730
54.385578 -11.707372
76.215675 -10.967205
72.690269 -9.312221
41.883030 21.490129
64.073288 3.704911
31.611952 -33.316952
6.752479 8.030328
12.908589 6.966086
59.067772 -7.193363
48.765541 31.934570
25.613731 -20.947008
11.016821 54.902584
5.776239 23.394894
48.528072 -31.674282
16.254196 -0.130457
51.265060 -18.568586
46.555481 -16.422041
38.453972 29.323938
8.822344 48.104809
4.968993 2.107154
51.529739 -7.533173
59.610096 -9.315526
64.078018 -30.996775
73.887154 23.575745
25.529709 10.448094
58.661816 -27.053896
54.396103 -5.560251
53.836407 -0.934753
44.553699 -26.011196
30.922447 24.635931
54.107700 -1.811676
67.851715 -9.564179
52.391922 -4.483901
34.835026 -9.007383
48.367798 -16.612288
63.001469 -15.861482
32.887699 -40.783554
73.976776 10.798202
45.480274 39.773727
62.114155 17.620440
55.196091 4.923865
23.862928 19.756668
63.360493 -16.985394
46.637737 -13.615631
69.889542 -23.315710
69.167526 -19.954912
27.400225 6.811660
67.530327 -24.484884
35.610081 26.553337
29.018051 1.191850
51.407486 -26.322124
8.511908 6.841276
9.276575 3.827846
9.503622 0.952058
61.277252 -21.740751
5.648467 4.065673
29.701309 43.799194
32.305267 44.399982
13.568729 -15.429705
8.844229 49.178818
53.438759 -1.724762
68.088104 -9.815931
71.713821 -7.192091
42.935265 -15.911412
11.241032 1.324465
49.302650 -37.754673
44.129494 -20.757076
38.550404 -25.051407
27.224146 -28.412144
55.273685 32.008373
68.190331 24.106171
45.316921 14.186193
75.338959 17.057608
9.682822 -7.922331
59.904594 -22.003206
14.213689 30.737083
47.165001 -14.508840
51.817856 -50.209530
44.029747 29.321371
61.662079 -37.324173
68.058067 -5.056395
52.049122 -9.591079
49.722389 -12.161904
56.476185 -36.647232
69.893303 -23.321156
64.032387 -4.076651
60.949928 -21.576155
50.307327 -30.901373
50.625546 -11.380143
48.585468 -3.048365
74.658463 -17.920597
70.558975 -11.687950
62.141205 -23.461025
44.995861 38.367054
20.583994 -31.511028
65.505913 23.444698
65.267525 26.716070
4.971401 2.278563
10.141422 -17.935846
67.451561 0.973442
26.270651 39.760742
9.093014 48.693718
70.477478 -0.791924
68.903633 -19.737980
9.098743 48.715683
22.908836 17.662188
39.282864 41.097240
68.341232 -26.928051
61.597473 -5.253872
47.915005 -4.099311
73.962952 -12.953442
43.668217 -7.080605
17.325891 4.403725
23.476713 -19.259703
41.667934 -4.004515
64.591522 -3.484745
50.650810 -10.247536
45.881847 7.615513
64.152321 -7.738983
69.384857 -5.838097
67.683052 -7.345834
20.704483 -10.296213
62.613731 -7.624171
47.693302 -7.300034
17.768579 8.307354
51.359631 -12.830748
17.290003 -12.586470
73.086250 -9.030936
58.967781 -7.026935
72.437904 -10.211233
51.236706 -7.676170
32.532017 -12.252289
40.670673 -17.266848
64.403671 -16.507372
60.190392 -4.293075
69.766266 -9.407562
24.908768 -39.215302
47.041828 -28.307028
7.132479 4.524997
57.750496 -9.176622
60.019318 -9.477525
5.481355 -42.549221
54.676838 -14.814286
72.564468 -14.791417
53.591274 -20.747972
49.469059 -26.531414
62.395378 -41.848766
66.629570 -47.151482
68.626671 -26.293159
52.523899 -6.402024
52.700813 -3.983548
61.243420 11.026138
13.471889 2.052437
40.445843 -12.721775
75.461044 -16.239929
59.951885 -17.462278
40.592793 -17.133356
57.570354 -18.596340
34.608845 -16.989002
33.819084 -20.665394
67.083427 -27.523720
67.985207 6.434328
28.654795 -18.825478
56.290424 -15.421194
54.181713 -7.461017
49.874065 -10.161606
49.566135 -9.846715
12.073697 -17.648804
46.036575 -36.204376
70.572701 -24.230736
68.680176 -29.022900
52.855427 3.036623
23.487427 -18.979071
63.818356 -10.423348
59.550274 -19.814306
4.992113 -6.626501
58.423862 2.082318
50.835720 -8.678859
7.142001 42.257259
62.246231 30.498360
53.747391 -19.388237
41.276890 -4.867724
65.872711 18.256533
54.961258 15.696202
31.011364 33.879154
50.813408 -13.412194
4.915143 0.527551
53.232716 11.352479
59.168316 15.043450
37.980000 -5.101051
72.524391 -14.307378
69.322861 5.343718
33.605782 11.831523
11.284946 10.747786
12.049444 -2.893449
32.405739 -32.949371
53.862701 2.870158
57.145153 8.525873
50.395100 20.061602
55.660526 25.477312
17.637434 37.470242
70.321213 5.885009
54.911243 27.351009
50.994652 11.004642
52.152473 -3.163702
52.993362 -40.349838
45.226521 15.412185
46.629749 15.939532
5.666120 -38.934330
16.271111 -3.164662
22.100500 -19.874733
62.189690 20.223707
42.259136 11.700134
25.441055 33.013020
40.186749 -6.787532
30.739508 5.126990
59.901310 -15.436116
68.271614 -24.715664
73.139725 29.708759
72.876335 -14.321853
69.709694 -12.675970
4.936118 -4.494793
43.073719 -26.960209
25.836634 -30.566797
52.376183 -3.868078
40.148582 -3.705783
40.135685 -31.126202
22.317343 8.996467
18.585773 5.969639
48.314293 -9.189910
8.094408 7.236784
55.614189 0.936405
58.435917 -40.411606
44.647747 -36.673870
55.660919 -13.633745
54.596962 -39.891762
63.132008 -24.981722
54.404907 30.807381
55.390240 41.646763
28.115231 -22.114824
16.068634 -13.060544
53.633461 8.861007
59.015778 -35.236576
11.994344 5.810374
4.968986 2.107149
29.981693 -17.833899
69.423279 -26.919115
16.757019 -2.678250
24.271965 -43.331078
61.291855 -1.242151
51.028973 -4.615858
63.877434 -0.112753
44.479527 17.592205
57.910343 -10.612100
18.310762 -16.741650
43.605442 -7.113577
34.114197 13.750403
8.858421 48.421925
42.861843 0.433851
66.384949 -33.764404
19.143370 -35.574074
51.418934 32.598782
11.329932 -41.291481
63.713943 21.567038
46.418755 -28.439333
55.825695 -12.233771
38.898544 -22.285276
15.531583 4.260884
54.620472 -15.730759
4.643638 1.640017
66.991302 -2.582799
63.073410 -44.633499
59.930592 -18.152763
65.794670 -26.261007
36.798481 23.329590
51.891911 -38.659885
19.437956 -14.641837
66.364357 -32.124535
16.144327 -44.653118
36.697605 23.630846
54.770451 -30.094131
65.132607 14.736960
55.286076 14.485728
59.009487 34.539860
62.343983 22.379536
66.893204 -14.120007
7.878966 42.065334
54.671646 -18.996313
60.180122 -16.649303
19.840399 -26.187193
29.137598 -17.304728
47.114643 32.545368
66.948898 17.029324
70.394043 10.140360
63.289845 -41.364376
7.692106 -40.097645
4.970680 2.182319
61.674343 -1.861971
21.873861 -43.078148
66.149887 -24.107847
12.837615 -2.982311
6.601150 -0.500663
43.268291 27.752615
11.543046 26.525562
11.629318 -5.829820
13.966625 -23.516691
69.316048 -16.211874
20.070213 -17.947617
48.265457 -2.534287
60.335640 -11.466920
47.912922 16.657375
73.801033 -15.817328
27.207180 -1.498557
14.127060 -14.622416
33.869881 -8.547542
43.800564 -2.691030
44.807068 -1.299866
45.245102 1.852675
54.756271 -26.200609
59.279743 10.231810
66.372658 -33.169369
47.333546 24.829805
67.915405 8.059285
63.888779 -15.718252
40.589500 42.055012
41.942505 31.722126
48.533638 -32.476227
41.595051 22.362442
61.114285 -1.294505
60.447624 -0.735608
59.225773 -11.720073
57.228710 2.271440
54.842667 -23.729101
50.848030 19.697289
53.095005 11.018831
31.424110 -6.067006
54.880142 11.831593
59.907791 14.131030
65.670517 -30.750715
7.484952 10.607131
24.327337 -9.134353
21.344299 10.446521
42.843288 1.032586
65.095795 -19.584723
21.890131 -10.747945
17.209030 2.914489
10.812528 3.838625
63.524509 -17.330822
73.922806 28.022865
28.591152 14.191026
71.931480 -7.951910
63.629025 25.885204
57.572029 -15.372394
64.105965 -15.599074
72.499763 -7.993375
57.023457 -7.112030
8.976143 53.842278
45.401119 -36.847614
17.484463 0.327025
5.929578 31.931286
57.832855 22.674034
45.218086 -0.312036
51.658260 -5.375090
62.392864 -3.336719
55.339909 -15.237398
24.786106 -18.476706
50.560814 -23.584887
26.426420 -10.211677
54.151283 -2.967350
62.415031 -27.408764
6.117456 8.859824
22.455145 -22.110178
67.304306 -3.446089
71.502350 -8.593221
48.906307 -10.874929
45.145405 -16.290506
57.543232 -10.308049
66.298645 -20.428095
51.092987 -10.263757
58.381809 -10.190533
60.162827 -1.207092
29.279610 -36.392826
69.065613 -6.806846
53.872952 -22.405363
46.929314 40.107700
26.924175 4.082086
46.686489 -0.457574
58.771709 -6.109791
61.468784 -2.114300
53.726608 -5.447593
54.204681 -6.000606
43.793636 -20.713152
42.392300 -18.275110
33.112175 34.462151
55.598476 15.465234
64.778900 8.844497
24.670866 -14.968567
33.555607 24.304192
37.188698 13.986706
69.487022 -28.757984
17.158733 -32.203667
24.453039 39.384209
55.014061 33.749039
4.771686 -0.800141
59.743191 -13.386450
69.365883 -27.335415
63.780678 1.856660
44.439140 -28.319544
34.876926 -12.838648
59.657436 -9.205707
56.299713 -15.179928
58.668411 -13.705164
4.971344 2.278558
12.508260 12.380885
46.757206 -6.072883
59.707111 -13.909055
51.609547 -0.653959
61.638084 -14.361963
54.188927 2.480856
29.075897 -3.345819
12.607568 5.202802
66.472527 -8.351572
53.695900 -8.834288
11.992822 6.816050
33.870674 -26.991865
66.833260 -32.024334
60.750790 -26.305477
66.465576 -7.603638
65.189651 -33.097263
66.401047 -31.467676
4.187026 -2.859218
58.923290 -30.495487
25.988674 -35.757469
36.116142 -19.034046
73.360542 -11.745431
48.200760 -9.514351
61.408691 -26.758287
62.910137 8.446250
66.101326 23.536781
62.938747 28.474230
46.720692 10.886996
64.501930 9.183732
49.325470 13.782224
48.807777 6.667080
61.009201 8.714427
49.353386 4.703624
9.800846 1.909120
15.612851 23.943964
4.795813 -5.590536
38.313057 -3.017634
35.108887 -5.978911
64.611671 -2.612668
61.701653 -6.749193
30.874231 10.633410
64.502655 -1.537529
7.141477 6.484753
73.230934 -7.592472
49.280411 -12.866828
64.408035 -16.932377
16.513390 0.198944
69.259094 -2.059736
67.245720 8.085547
27.737305 -17.793331
72.738991 -14.124289
68.324936 -13.135694
12.993196 17.519300
6.060406 5.459526
40.282127 6.512571
62.038712 -14.728055
61.083622 -0.892051
5.982161 9.671067
15.534401 32.165840
45.348495 36.159599
74.032936 -18.548500
56.304214 10.148398
18.849840 -13.503530
67.015450 -18.372355
68.906525 -12.211917
67.283089 -12.108212
65.577881 -8.089771
66.066444 -6.721121
66.661064 -7.030194
52.220154 -34.788128
47.461906 -20.980011
32.118961 -21.245104
58.171066 -12.289536
33.218311 -35.831146
49.769848 39.392521
15.306268 14.457198
56.098328 5.929588
18.635990 10.288551
24.455112 -40.034657
48.651142 7.376130
71.005386 -29.641571
64.379448 -26.043579
60.100254 -12.432316
18.432209 -38.084328
53.737698 -5.981812
22.128851 -29.905933
69.074341 -6.474663
45.733086 28.385403
50.708717 37.561203
64.185051 -12.686857
52.718494 -1.207690
59.813877 -19.107052
38.954029 -35.646988
25.726948 -7.933445
7.328100 16.296352
62.866703 -18.194721
6.621384 -1.107887
23.050465 -8.204125
8.952268 49.551079
55.146267 12.056733
67.580032 2.172755
54.038818 3.337462
49.215149 17.144993
70.185661 -13.019741
23.400265 -24.345842
62.975422 -10.063002
35.733292 1.356245
54.842770 -23.727785
55.550777 10.623635
30.257513 -6.691871
41.019291 8.154858
43.166100 30.902153
71.085030 -1.252089
53.931156 -20.014441
35.024574 3.529123
69.441887 -8.709926
34.607998 -22.001965
65.954956 -4.711021
39.752487 -19.346539
56.286686 10.665128
21.734083 -28.195845
53.178257 -4.141728
55.847404 -0.067612
53.212830 -11.453392
17.539307 0.273208
6.035967 8.445752
67.638573 -28.745125
8.513539 17.433350
64.348152 35.684696
65.681633 -5.464216
69.424263 -49.196350
15.676645 -3.699326
67.581047 -46.131718
21.672997 -17.825298
32.136806 -18.070734
63.340115 -8.925457
21.075729 3.006467
8.184520 -16.067028
28.961815 5.039601
66.541298 -14.041647
59.317425 -5.951700
63.508610 -33.248680
50.424801 7.065868
14.283353 5.561088
61.207958 7.887452
60.738079 10.242064
29.448185 -47.252560
70.784492 -14.870167
66.904587 -14.453407
72.764366 -16.403324
5.649976 6.834671
31.770296 -10.448524
51.313129 -2.170794
25.395594 -13.420217
37.208763 -17.276834
69.845016 -18.121399
14.716913 17.628683
64.227989 -13.422541
44.091190 -28.207043
62.874744 -40.607143
53.341228 -24.378208
68.154205 -8.111411
72.790359 -16.141808
62.915184 -3.235768
40.958183 0.301370
31.603344 -4.289433
60.396584 -18.514481
19.555725 -2.850711
50.255859 -5.579009
63.495377 -17.079308
68.367676 -12.488846
5.269505 -35.242893
64.448524 -4.384465
29.766169 -6.723904
5.605403 1.757771
29.515427 -29.727938
8.010441 -31.962648
53.574879 21.271629
32.852604 36.871464
52.747482 29.399820
53.665550 -1.791147
49.226849 24.785498
52.880909 20.670895
42.900444 -39.869228
39.268181 -15.380781
70.673882 -17.623436
58.369423 24.668821
59.620861 30.816326
51.205662 1.222312
50.566261 -32.949123
41.357384 -14.219994
29.936562 -34.772839
32.471260 -21.429293
52.291916 -7.529776
53.776608 -5.562791
21.375338 34.354950
23.952951 5.188221
71.832779 -49.296410
11.190591 7.808050
35.073235 -9.978498
64.776390 -10.095699
44.104538 -5.537914
39.746700 20.400293
7.855483 4.608928
74.653107 -25.400229
54.401012 -6.973233
49.388329 -19.245970
55.324814 -3.940675
65.398766 -11.177987
48.947651 -30.122353
53.259422 11.338303
54.964161 -25.120802
58.862934 -1.485633
71.928024 -10.810106
62.750141 10.602853
68.239090 15.500489
10.957172 0.978808
18.903120 -3.704419
48.159248 36.314625
55.984261 11.612248
75.783600 28.168922
35.971695 -1.550254
65.524475 -3.788984
62.277035 -4.305492
57.774990 -22.635859
40.517483 0.458302
34.750885 28.688316
4.982220 3.152052
7.479539 11.066805
5.824413 4.304583
41.733994 -12.599938
53.696079 -8.114648
17.714273 0.270438
36.254395 -33.913708
63.321377 -15.827747
36.968258 -16.412533
46.675644 -32.027691
71.619881 -20.429520
11.038048 29.965075
73.643608 -19.937998
61.208260 18.733410
65.335663 11.363628
53.896263 22.243639
61.099350 7.934408
56.380718 -14.429488
52.708298 -22.388395
17.737696 -0.773803
25.130924 33.226566
73.962822 -15.452748
48.059055 7.464129
34.481918 -18.608850
63.236179 -10.541584
32.015461 -4.318364
53.488140 -40.005379
5.608627 18.666237
6.032022 7.912372
12.464915 -27.214033
65.895309 -7.935890
63.677170 -14.980010
20.254793 -17.508139
65.103165 23.494452
63.107853 23.119366
72.735352 -8.721985
66.753265 -8.519234
68.986916 -7.547777
46.469311 -14.045961
67.254326 -8.843263
5.815299 -33.212559
72.552704 -8.536328
59.172123 5.018896
60.601707 6.184411
68.279160 -17.254370
41.516811 -1.850420
43.859520 -11.168901
63.094143 -23.769991
14.007743 -26.063425
54.262009 14.309016
65.294952 37.003151
51.418499 25.594130
48.983189 39.386917
58.952408 -27.228426
52.404366 14.112607
21.808168 10.468176
49.499439 11.083722
39.965374 11.232186
51.127254 28.606943
36.099873 -17.828592
11.598263 5.225991
7.482948 -14.274668
56.067596 -30.085941
67.239922 -19.670101
36.004612 2.761324
9.386795 4.211076
66.266045 -19.448610
50.409000 -17.785849
33.373825 -11.308425
17.247320 -12.603489
63.344349 -11.790118
49.278763 -12.868538
45.600857 -18.497496
41.480667 0.092097
52.149349 -10.722875
41.006580 4.659036
69.487854 -8.961638
18.066349 -21.014408
59.596287 4.274193
34.546860 -34.660587
10.572728 1.012545
69.865524 -25.472097
27.935694 -30.385220
36.385105 -24.541964
69.105545 -21.979881
40.443993 -21.726196
55.447311 11.295029
71.640007 -8.380045
71.382492 -39.727669
54.572388 -12.400815
48.398933 -5.468462
53.981308 -13.374135
58.118053 -12.569697
46.763443 -4.907635
65.487137 -27.597851
66.549278 17.124336
69.628151 9.583929
54.514404 -18.514320
53.679741 -20.004408
53.912029 -12.731591
65.104668 -28.496565
56.139339 -22.139559
50.555946 -26.451035
48.019527 3.082989
42.407261 1.468210
55.225761 25.347784
49.556770 19.682003
30.826527 48.833679
56.087933 -22.841524
52.737000 -23.338682
46.504131 -24.335386
65.482048 17.828417
5.127656 -16.787603
62.208878 16.750750
56.660728 23.563452
40.236771 -22.559637
53.309429 11.312603
56.171585 8.202805
27.425938 -8.021264
48.947731 -30.122366
54.833252 -24.997944
60.109531 16.855318
53.296608 -6.265454
1.005853 -69.982796
11.858399 -0.154791
42.316303 -1.556899
52.333572 10.318482
57.846786 11.450612
24.961164 7.619687
39.658424 6.829022
37.420956 -15.645250
55.113106 -41.948036
58.101780 0.138163
37.746918 -22.625868
63.019032 -6.750864
14.527143 -22.684366
4.971365 2.278649
9.238816 -28.805120
5.761315 2.996494
41.512848 20.295418
60.588696 8.365115
66.129799 21.669609
6.125587 5.587302
44.174423 40.270008
46.765564 2.345465
47.122288 2.199148
5.475003 -47.260765
57.856873 -14.162529
68.524490 6.967289
10.363040 -17.216942
44.607086 20.677219
4.971342 2.278556
9.503284 1.005260
68.929878 23.844343
45.213799 1.507847
47.541111 3.890820
57.040318 7.519368
10.420057 21.852076
4.970636 2.182379
53.553326 -16.253464
67.370865 -21.853794
22.049410 5.678199
14.681664 -14.893212
27.758196 -0.378660
44.862663 -10.735767
68.955269 -3.366671
41.906719 -13.630573
5.291262 -47.512253
5.119701 1.157787
67.059319 15.863889
12.564619 3.348438
47.813831 -3.583879
45.040817 -3.195885
37.995899 -7.861421
4.971445 2.278740
66.816444 -24.352198
45.785191 13.972971
35.790123 -5.845487
61.104961 -26.558826
25.859093 -12.375549
50.002853 -6.949912
42.441929 27.020945
34.808289 -12.017019
62.741524 -28.259953
70.798767 -9.623271
51.800762 -7.513741
35.449280 2.637883
51.633171 0.995651
62.197109 -11.716185
52.041573 -0.341459
53.694427 3.117089
7.330626 2.716087
67.836899 -13.499410
58.667046 -0.535772
57.954010 -11.800918
58.412952 -8.699824
50.643982 44.382469
69.296753 -11.239372
37.935753 -12.683553
7.108889 5.479790
68.912430 34.487202
46.993271 5.565104
33.039597 11.154117
48.227436 -13.950168
42.899693 -17.768330
60.714344 -45.817188
69.502945 -11.863195
68.157265 8.146384
68.385681 -16.858507
46.092968 -4.736158
45.125271 -3.852120
11.422956 -5.380042
55.992836 -42.093052
52.513962 33.117939
8.672132 -24.433207
52.415726 -1.276050
67.208534 -6.572379
36.686275 -21.346792
71.493217 20.620646
59.265213 -22.103121
50.475914 -24.713430
69.626472 9.585783
69.839813 15.678298
53.912071 -12.731661
49.127975 32.735741
58.597900 34.756943
47.591572 -5.972988
13.038735 -17.672478
61.080421 -3.805587
57.646694 -7.365726
37.153099 -21.889658
43.800510 -2.282403
14.635068 1.805657
6.604445 30.495476
40.518303 -18.887159
58.625317 -13.987141
55.912148 -9.233450
69.321838 12.668386
71.849892 15.483596
62.789097 -41.357212
52.603619 41.051720
67.249893 -38.637325
11.151995 -10.351510
5.245357 -7.635261
59.341816 -8.336253
24.758307 -22.443432
71.425888 -18.498390
71.850189 9.370334
43.603401 -21.440371
9.402219 0.619337
69.574890 -5.376638
59.637287 -3.382658
48.778713 -19.216284
22.003088 -27.092710
42.115005 -10.101917
73.106720 -8.516236
62.705818 -2.513972
54.951641 -3.932786
10.198013 44.742493
55.983059 -6.619372
36.575024 -40.972317
67.098984 2.162350
48.272404 10.768962
53.028282 -9.147270
37.863598 1.113058
48.728706 -15.123754
45.974941 8.141593
39.644798 -19.272125
37.836205 -15.537891
44.479618 -21.493074
55.598473 15.465222
33.122375 34.463093
31.579182 6.384678
27.405354 0.912548
55.506443 -15.547794
74.260513 7.384643
67.598251 -22.324213
27.308569 -27.187460
58.540699 2.167199
69.204109 18.392471
53.477795 2.794343
72.664658 -8.723173
68.258598 -9.076547
61.734680 -31.021042
73.364990 11.826271
63.562393 37.140251
24.305182 -3.373784
17.424891 -6.020274
6.362858 8.367383
54.837692 -21.267645
7.020763 4.606569
15.884936 -0.996312
12.311130 5.733327
6.618150 2.813052
8.808633 -0.060416
68.580673 -17.512222
54.529961 18.896729
33.731628 -22.137671
56.781010 -14.640982
72.465172 -1.896481
4.904919 0.280456
69.497467 9.728752
59.211246 -22.028440
67.828880 26.897030
66.542831 17.129322
50.642441 -25.169325
53.914669 -12.706904
67.151459 28.683100
55.345242 -4.407026
66.268242 -12.463224
44.328571 -7.528744
20.736137 2.300591
65.104134 -25.691051
64.531631 -3.693803
27.883793 -10.944066
18.199341 -2.688315
19.491690 37.549046
25.335619 -37.823620
20.691181 -24.846954
69.050957 -18.135811
65.076180 -0.829618
70.464699 -14.758516
67.273949 -18.076826
45.265678 30.354767
68.446548 12.611335
40.761215 -5.955186
60.611790 -1.265038
40.300049 -6.811438
65.005424 -13.259432
54.002003 -4.764741
46.938988 -34.906857
47.337181 7.321624
58.611248 5.895368
64.949547 9.357253
69.256882 12.350018
52.323856 -35.333881
68.883705 -16.955303
23.372751 -28.244038
55.400955 -11.768502
42.727413 -37.466141
7.593236 -34.175072
50.915104 -10.441025
65.465843 -39.321110
5.964404 5.905412
42.294113 13.486980
26.963203 46.348827
73.140526 -18.034433
33.546360 -10.766158
55.797104 -7.947347
62.988358 -35.732269
61.670414 -36.681122
42.076843 -16.600452
71.369385 -29.159988
71.749352 -10.918816
71.220848 -11.232624
68.090332 -13.531519
12.545428 1.356492
61.398315 13.897695
8.942909 48.192970
36.505611 33.460960
71.637413 5.130765
8.681918 0.516299
62.930481 -43.251392
52.707497 -41.332485
53.463078 -10.577331
54.135750 -17.648113
36.872841 13.115332
53.160259 8.130591
29.855564 -16.826487
67.731491 -21.514294
71.044189 -26.799259
49.192268 -9.795879
12.010466 -21.537512
5.203988 -6.716265
35.086834 0.791874
17.746180 1.641864
5.390679 -6.711572
43.918236 -5.363673
7.215901 4.407136
42.584412 -16.200333
70.704926 -9.432351
30.407505 1.298535
60.693394 -14.174801
69.960403 -33.122169
18.683973 4.819108
35.875534 -2.788400
39.555092 5.765154
56.643867 -3.248753
58.132080 -8.270465
59.889183 -12.771056
63.779465 -4.288365
50.789490 16.147768
48.243397 -2.570961
60.335720 -11.467498
15.745928 -44.781986
48.605614 -16.323975
51.261932 -18.567827
53.912773 14.302232
56.301632 8.720506
69.828262 28.074070
38.428547 -3.847697
29.829470 1.474186
56.967316 -29.907906
37.838768 -31.354137
56.201267 -41.829304
53.258224 -12.903303
68.824753 -22.929482
10.547702 -23.070965
4.971457 2.278749
62.972477 13.346078
23.056137 7.598793
53.206871 -7.094233
45.443394 -42.611923
58.341850 -5.985487
32.735687 0.842536
57.268726 -22.786350
13.338632 -39.895176
8.453100 -12.483862
65.836205 8.569241
11.873343 2.962264
73.614510 -20.663006
9.131996 48.861069
56.470486 -24.669680
41.607487 2.945681
25.085257 8.821195
58.662479 -41.282093
7.618631 -0.295209
12.536553 4.613545
66.578453 -12.155904
65.321098 -44.009754
48.466942 -12.067653
54.338192 10.687356
60.149078 13.309080
70.838043 -18.218390
20.129522 -29.269907
6.384038 9.388658
11.816887 5.794698
68.973152 -9.116419
60.755104 -14.991993
25.611078 32.712276
56.188587 16.718725
50.125435 13.814097
8.718607 5.944094
27.714325 -2.885735
50.395142 20.061544
44.165813 31.942726
46.052284 39.358242
70.201286 -21.001959
54.864796 24.216997
62.795380 15.127133
12.322332 -25.870625
43.718258 -2.534352
60.752022 -2.465977
59.614555 -15.011972
10.921393 2.587578
28.056543 4.299190
46.777367 -23.320833
16.952805 -13.080116
55.070644 14.755733
23.264601 -12.775572
59.654945 -0.465075
24.667322 42.825714
49.443409 -21.640726
47.215080 -28.924814
68.570290 -32.470070
12.088727 3.856457
58.286339 -21.726805
55.289124 29.280088
68.091919 -12.002086
54.959885 -7.277568
11.152221 2.613024
12.727615 -24.547647
50.954044 -13.360692
34.543579 21.353313
5.259838 -47.669136
52.343506 -5.455734
5.194402 2.580796
9.679397 -0.007189
60.271790 -11.133586
48.920105 -36.915279
42.299507 -14.593274
49.291885 -12.337945
39.404568 -14.127971
6.795785 12.109596
57.120419 -11.638000
33.299980 -7.409014
7.748193 5.449465
8.923034 -34.553158
60.997540 -10.375133
51.905083 -37.356083
55.527420 -0.279685
60.251217 -2.083934
22.396345 -7.726863
5.986255 7.029836
52.359016 -11.448650
66.240685 19.434902
8.841545 52.538536
10.710436 4.748714
53.344433 -24.309395
51.281883 17.149488
24.536812 -40.251945
52.614426 20.799234
51.354969 14.246711
72.836693 24.821878
10.800535 7.794449
31.072273 27.176720
61.892487 -8.556400
16.854511 -16.221382
44.234394 -33.874359
59.171146 -21.188000
49.258835 -0.728121
70.445488 -17.875668
70.670502 -9.140036
69.165337 -7.449321
42.527622 1.528821
49.500801 -3.906517
49.960293 -3.791438
28.548546 -32.834442
26.956692 0.244262
40.307018 -8.977256
7.024620 5.104967
4.390178 -2.550106
61.473953 4.132848
6.388178 9.899235
61.214996 39.296688
64.907043 26.645554
65.742111 31.701946
68.244446 -10.199439
58.450222 16.334288
54.112518 -26.095137
55.305656 10.713668
25.114532 -7.461775
26.177597 -23.873066
14.354882 -4.463664
59.213684 -23.381285
66.549515 17.124166
50.418983 -26.465593
65.412628 -27.538919
53.911964 -12.731493
65.105553 -28.494202
56.129108 -22.134827
56.479599 8.825410
54.906914 -18.684525
54.115032 -20.531940
17.093424 10.081476
11.009550 2.083636
18.275244 -14.062205
55.829792 -4.014251
68.863281 -12.522196
62.941639 -14.255076
25.380243 -0.108391
9.109514 49.261467
64.264008 -5.710784
4.968989 2.107154
45.864883 -24.888872
63.264145 -42.043346
15.661334 -43.298279
67.943657 3.692075
54.489895 -10.151424
11.884779 7.045985
66.607048 -6.446974
39.776939 -41.236195
44.174583 40.270103
35.149532 -15.328551
53.419678 22.457821
56.347958 27.507551
18.045889 18.017492
73.263603 -5.487496
29.104912 -42.676830
9.130676 49.264812
42.466030 -15.269080
67.531540 -8.875004
54.203888 -40.192669
64.590858 -26.528688
58.536179 -37.111496
17.816050 5.744133
51.805286 1.353967
34.551575 0.218552
56.592442 -0.155770
30.705078 45.847893
10.521440 5.696901
26.723080 -23.415834
70.880020 -21.726433
17.895653 -29.359907
27.927923 -15.008335
18.046810 -19.337486
12.883448 15.507382
62.769848 -4.973110
28.522995 1.727804
52.329895 6.066370
66.912422 -20.733099
72.102875 -5.009261
39.433037 -23.356630
71.476372 -25.436287
50.873116 -28.701174
11.314862 -12.012218
65.996910 -20.781950
73.314835 24.217125
51.354969 14.246711
72.715332 31.761906
60.650745 -13.328405
68.771889 -1.316302
39.603619 -5.517702
44.315659 -15.385507
6.728510 -15.816751
29.324396 -27.583126
51.166393 -10.369925
53.095009 11.018765
53.136368 -30.248217
54.106110 -23.518513
51.400429 25.122919
54.647282 37.569683
15.336018 -33.982906
12.896056 3.664825
59.982029 -25.792597
62.287746 -28.483253
35.293144 -21.912127
60.111290 -37.834244
64.020142 -36.222137
70.967888 -18.327757
62.775379 -32.991604
12.587674 4.309464
5.890870 6.454354
9.412110 0.741608
22.491634 4.005770
44.086746 -7.369621
38.451550 -7.933226
68.462875 -10.995230
8.469042 -5.960431
68.729195 -8.204119
43.887486 11.766272
70.453049 12.512418
36.429279 -24.320436
5.778542 -34.115967
8.003780 -30.057571
55.911221 39.582008
79.059540 -33.713451
5.055524 -6.472816
76.013344 -23.769312
35.118782 -18.407295
57.335365 18.078676
54.338295 10.687317
70.838081 -18.218485
49.140381 -27.271072
56.090157 -5.194073
65.940338 -9.095313
42.683483 -24.366177
52.101696 -20.755863
14.856000 2.482180
59.639545 -34.953560
38.478611 -23.936567
70.770149 -34.939289
60.927811 2.802668
54.539268 -5.685432
9.739958 0.211316
8.384091 4.316202
62.036842 -7.640305
65.211357 -31.624765
66.957703 16.271618
60.211811 22.133677
58.198181 4.143493
37.866199 -0.773173
65.302101 -8.308920
53.288021 -38.592888
67.074188 -4.515713
67.955254 -29.209106
12.796750 15.632672
21.266050 -30.449255
55.440529 -13.217496
75.087646 -26.224731
13.707095 -1.336813
60.702812 -37.434250
6.139276 12.821697
61.618896 -34.030849
54.407211 -33.177937
12.435107 -39.527443
67.797752 -15.366510
38.105335 -6.284301
29.173151 8.200574
11.424987 6.758658
47.541134 -13.851994
5.915791 6.464149
68.723763 -8.252818
69.689445 -5.098054
70.553764 -7.957733
47.936325 -26.698410
59.336628 37.714542
68.989861 -12.789735
58.487083 22.494703
69.271484 -32.621994
63.249409 -28.329035
14.088086 3.982573
47.589329 -28.524687
53.361122 -40.162674
71.420113 -12.356211
63.164875 -8.715178
57.328247 -31.853510
53.783253 -8.061844
18.247965 -44.115402
63.255688 -2.339676
30.827618 -25.074341
50.605762 -27.766359
63.383087 -28.859489
71.286156 -11.728093
9.133030 48.890388
66.815536 -25.919397
54.330784 0.463674
54.121788 -7.237301
29.931421 -41.088795
28.621016 -6.898410
45.839474 -7.659016
72.597855 -8.085918
62.053185 -3.685585
44.603832 -16.609835
50.635796 -30.664089
69.885185 -18.750473
9.450944 -4.326691
50.666996 -26.865389
45.476212 -31.507273
57.433231 -21.793650
7.069372 3.699615
49.632477 -23.348198
57.761524 35.165882
50.538956 32.247440
5.488790 0.085504
75.931732 6.139517
11.309364 5.736956
64.597961 -0.515288
11.884888 34.236973
46.003143 13.390838
64.095451 -13.890444
72.358994 -11.025644
45.561867 -25.862015
52.073227 -16.419800
16.280603 -1.022076
72.194138 -19.030951
65.692955 -0.942897
73.455009 -31.672274
42.078941 -7.006330
64.840355 22.207434
20.766912 36.411083
68.015030 -5.461394
58.978920 -4.612192
57.239609 -3.928465
70.382874 -32.454132
69.390663 -29.695053
61.479660 -11.735361
18.211548 -2.068069
55.995270 -4.584865
65.055931 -8.443831
63.910828 -17.738836
70.287621 -18.742546
50.452713 -24.100266
42.300240 -35.779762
56.231113 -23.842545
60.678059 17.377937
50.768021 18.163612
49.283154 14.974799
53.872765 -5.512405
70.955559 10.998500
59.599262 1.030300
65.403488 -17.994560
13.591008 34.438065
31.855782 21.375620
61.233315 34.426853
49.080318 16.973598
4.971392 2.278560
56.905960 -5.578591
66.626297 -33.519489
18.178238 -3.517521
53.629559 -27.440588
48.462872 16.908537
67.217697 -22.663082
52.769211 22.475670
54.890194 12.232923
71.706207 -15.643239
59.907764 14.131011
70.182251 -16.801685
51.265060 -18.568586
46.815907 -16.421349
56.864780 16.048134
41.134747 20.009983
66.975510 9.786271
46.442974 14.276996
56.725498 -22.658411
4.885965 -6.294255
62.837563 -3.238434
7.385485 7.649955
66.070549 -7.400231
52.603348 -11.079094
54.392296 -33.851501
60.051689 -4.329423
50.689526 -20.996143
60.500668 4.258999
31.327463 -30.042307
24.183590 -15.462408
43.849731 5.112931
17.333296 -0.500401
47.834347 -4.661340
5.084888 2.408781
45.486599 -12.039907
62.689556 -44.339394
63.803997 -2.210168
10.711664 1.084851
71.743240 -30.946001
55.798897 -10.274486
34.532219 9.037340
29.238310 0.352002
72.108551 -13.766820
19.818123 7.240340
50.590443 -23.454372
61.880333 -32.555069
7.078112 5.136158
4.459240 -53.562622
70.522789 -24.494377
20.874794 6.465159
29.536530 10.561700
12.395933 -2.811746
25.204962 -7.550588
53.606030 -25.020338
54.988113 10.732685
50.316288 -28.640041
9.564086 8.044870
45.804188 1.299948
29.027716 2.765955
50.351357 -6.595125
66.317780 -13.176810
20.663628 7.131992
18.197290 3.553536
34.054359 17.000689
58.754246 -9.309692
49.547928 -27.315277
57.332211 18.077974
40.771030 -18.824221
54.338295 10.687317
47.808826 15.773086
70.218987 31.623810
72.841255 25.093285
50.996006 -20.584564
66.529396 -11.156315
71.756775 -13.145300
53.997009 -18.687401
48.776913 15.956834
21.566687 -16.440083
66.542831 17.129322
69.497467 9.728752
59.211246 -22.028440
50.424263 -25.131115
53.793491 -12.654606
11.593695 6.341550
46.171455 -22.317213
5.789322 -4.002134
52.322998 -14.684094
4.784776 -6.344604
18.890928 -37.226536
46.221752 -6.914327
52.498730 6.751687
43.319473 -13.595803
63.168812 -29.550123
59.835072 -38.672386
70.178230 -21.175043
48.270466 -29.468826
70.035698 -11.806689
70.588905 -13.066536
49.565578 -13.791245
48.096413 16.899435
66.811798 -24.830318
62.567947 4.738433
6.284043 19.334999
73.073875 -16.448437
22.570944 -0.128152
51.086540 -31.041813
4.707630 13.337644
51.945168 -10.857169
67.407036 -15.645760
9.564465 4.264640
31.201147 33.213207
62.576866 -6.864853
65.275414 -2.195836
43.369331 20.398012
28.162281 47.349483
41.048676 23.440329
62.444500 -8.772952
9.164990 6.973239
33.901314 -25.318069
66.145805 -18.888861
51.702328 -36.541718
61.875900 1.557272
66.000786 -13.615531
55.472851 21.591970
16.358465 -42.856010
54.662937 -12.861264
24.073978 1.263230
54.216656 4.620555
59.195026 -26.145914
71.719154 -18.858913
58.171677 -17.083185
71.304497 -18.406534
52.400028 -28.463625
54.870205 -18.899965
47.728672 -38.748013
73.384499 -15.679798
68.851425 -19.547409
71.892349 -25.330425
45.818756 -32.366920
72.864952 -15.118149
61.145267 17.147007
72.646965 -15.538467
50.209320 26.241783
61.801903 -12.951990
7.724111 0.088244
46.387524 -20.335310
27.313515 -37.142929
13.835438 6.345359
25.541586 35.079823
69.307274 -17.688059
29.400614 -9.732415
63.697929 -0.619451
5.643579 20.107058
8.513733 2.377632
8.481386 -41.419132
39.437618 -6.378935
37.819748 -4.363444
39.431973 -10.839070
46.236385 17.472036
63.263145 -10.296394
68.104782 -8.831920
16.823942 -2.873952
10.659800 1.534450
56.947037 -22.693386
71.355019 -16.439571
69.534973 -37.359386
65.152168 20.979263
5.657862 9.195117
18.220890 -27.651604
34.408176 48.084949
18.267712 12.849485
61.186039 -14.598787
48.013229 -8.517468
43.229111 -11.694970
9.294254 4.177764
47.126617 -21.489080
57.918922 -1.862108
49.545815 5.718166
68.653633 -3.921534
63.653908 -23.619774
19.126448 -11.816967
66.474831 -11.466485
37.286663 -10.257476
55.019478 -3.233150
63.878323 -6.069671
30.268633 -16.140730
64.943871 -9.886250
13.551706 2.312802
41.104645 21.585052
66.990601 -0.081664
64.689163 -2.825610
33.290783 -35.929207
61.823738 -26.654633
70.151306 -25.606140
68.023499 -28.894793
68.353477 2.579108
68.549263 -28.070417
10.378534 33.656185
66.892639 -13.343611
63.856880 -29.412127
11.820663 2.349716
56.689857 -11.780859
35.325352 -13.851373
53.103222 -34.007217
7.298489 13.799355
59.251347 -9.537561
49.279789 -7.366921
49.737755 -15.143299
54.924953 -6.507163
53.456806 -24.468813
32.841652 -24.497225
57.119926 -22.648365
14.913412 -15.789710
9.178041 49.052261
5.946142 4.793019
66.173965 -34.815792
66.338837 -3.812164
23.441397 1.557706
68.340942 -26.930285
69.590080 -19.931799
39.282909 41.097237
62.221428 15.837050
52.454624 1.341586
51.851463 -8.810585
68.124023 -9.208482
43.758541 0.462314
54.585850 -21.489918
53.323040 -22.539301
13.556910 -2.625119
34.128643 -10.968175
44.029133 -3.544385
34.323452 -11.383421
58.001282 13.146422
38.661339 -13.106550
16.584198 -29.403877
53.765762 10.924694
64.160522 -12.639694
54.097019 -6.513397
53.251663 -30.143480
66.630112 -29.930918
43.854218 -28.744156
51.682384 -23.334314
52.989349 10.873637
11.913502 0.667194
67.146797 -22.930632
49.885471 15.892610
58.261383 -4.942986
12.157411 -19.454523
28.467093 -0.584361
65.394577 -26.793121
38.274014 -10.351318
42.929115 28.648254
43.697983 30.660446
66.782417 -10.338484
28.480877 -14.164534
44.927410 -43.763256
50.574173 9.348057
52.105618 9.834461
16.222939 -20.207933
16.634588 14.229012
37.196060 -1.519617
74.080421 7.595617
61.470661 33.703636
9.197599 49.047207
35.190861 -8.310609
12.907172 23.200304
10.049727 -1.292390
43.968346 -6.725689
31.659622 -23.356947
56.454868 -13.284345
66.237755 -2.793136
9.720476 -4.625064
21.836849 -34.891094
9.127779 11.984269
69.174690 7.625278
29.907129 -14.016175
6.003553 -22.321238
67.269142 -4.207390
46.844368 9.530277
48.749626 -7.697004
39.741745 -1.785337
53.649124 -5.530566
13.374289 45.874889
9.458280 13.145090
36.187016 -24.910334
40.287048 21.595325
13.184509 -16.816015
67.028297 8.316260
63.325706 9.349038
65.609016 7.656842
66.938919 7.093265
64.616684 7.959989
67.517593 5.721768
52.171661 6.138383
32.953941 -4.657891
58.777962 -14.272927
67.743408 -25.958929
75.111237 -30.489666
47.365532 -33.611012
40.569805 6.034816
55.634499 -4.187020
71.487778 -19.557650
49.853516 -36.123737
63.239483 -20.121046
68.978249 -47.452240
51.309193 -30.500956
42.559280 -29.005836
58.940453 -14.983512
70.725845 -25.284691
56.193916 -15.921499
6.555725 3.008296
20.177443 1.017566
62.227699 -28.907312
64.935532 -13.468998
58.432373 -12.345313
59.560604 -7.546118
29.887577 39.700214
37.165543 9.265749
58.749294 -14.798186
10.247293 15.539062
45.756599 -4.687149
29.971981 42.961105
46.803829 -37.526714
11.586237 3.164477
41.773262 9.988274
4.875959 1.105376
64.371819 -30.975298
29.709429 -13.451945
54.792423 -26.748461
35.451267 -4.072210
49.718018 34.134644
62.735806 -17.044266
54.784149 24.127306
44.173164 37.898663
17.235626 2.292190
50.395096 20.061539
57.261055 1.100220
35.615334 -35.480732
56.526325 -0.900180
9.920183 3.045449
53.191177 -22.455717
53.833794 10.937596
44.791801 -31.363384
6.142403 6.163787
8.994738 -27.843527
62.348297 -19.116993
52.218914 -19.475910
42.505322 -23.277945
75.071091 -22.388302
30.921213 1.291075
51.024193 -6.685669
60.049313 7.498054
23.617737 11.148145
37.076187 -0.190246
56.368759 -4.504997
67.778595 -26.594234
11.077379 0.924229
73.385910 -19.293398
55.206715 -23.880625
41.154350 0.695486
71.129356 -17.359613
4.971454 2.278747
48.792873 30.522770
35.961288 -26.415335
59.109348 -19.008591
57.036312 -31.085676
32.710442 -43.412846
31.793081 -8.626320
29.683895 -10.282724
56.884853 -32.041260
58.775463 -5.656451
60.829182 -21.063061
70.367950 -12.396072
67.167412 5.610888
35.569504 2.289615
19.900837 2.864990
58.498325 -45.254940
56.111778 -35.191273
53.122425 -23.658358
59.558521 -40.297340
61.091534 -17.099058
65.709160 22.851349
45.109661 10.711896
54.061222 -26.922676
66.354218 38.977951
60.453793 -17.252846
71.432228 -12.575895
36.517693 -7.337215
6.428034 5.237177
61.020298 -2.980551
10.295462 21.997204
70.510818 -4.203910
35.744400 -5.366969
4.971451 2.278745
56.824600 3.607652
6.318139 -31.405859
64.563171 0.318192
69.451462 -5.706162
62.984577 -4.375413
33.950157 28.521059
46.420528 38.943069
35.335644 -22.639214
54.735035 -10.218286
22.457264 5.803607
45.158035 37.402744
53.787262 -37.092369
66.777290 2.503553
48.002346 33.279575
24.556910 -0.582273
4.778295 -48.357956
9.078676 48.674221
4.884982 4.564195
45.996628 11.454548
68.079941 1.186914
42.718895 37.374187
32.535027 25.765192
10.407869 -26.024176
53.253750 -22.078068
55.876331 -26.679625
60.191994 -18.051306
52.938957 -3.391176
52.417213 -8.907349
56.238045 -27.424927
29.797152 -11.201829
67.175140 -30.488848
25.796787 -15.459406
27.964134 8.753842
62.896008 -20.503393
60.261242 -15.741046
12.103796 -17.391588
51.866062 20.385326
53.473175 -15.245935
36.266151 -2.895802
48.414577 -26.162960
54.702423 -39.711948
44.388760 -21.853029
44.026299 -19.462128
38.497047 -15.587309
66.156540 -25.802568
69.396980 -13.216257
26.477758 4.586111
60.953671 -36.245079
59.279686 -26.783020
45.522182 3.639910
62.439499 -33.172649
2.490055 -26.240786
52.271809 -14.607523
35.227215 -2.958958
37.385944 1.038602
27.467072 2.243856
15.136696 3.502821
57.206944 -7.622912
56.925701 -8.491691
57.378811 -7.580961
60.402046 3.914278
70.458710 -21.673964
50.537258 -13.544672
30.762730 -20.446238
71.976357 -23.406923
46.822842 -34.197456
63.089104 -22.599697
16.139561 -0.658849
53.648960 -24.722517
57.395134 -25.192572
12.107505 -41.934322
49.366764 33.057682
49.611164 11.926066
67.467377 -1.900519
45.835999 30.355072
39.351070 27.032001
22.150843 -17.504601
54.015118 15.867879
50.359245 20.135881
27.832312 41.941200
44.867710 31.340153
71.278320 -16.963728
27.847658 -44.597828
64.955475 15.430381
24.359201 16.021358
68.628799 -12.082779
48.176086 -25.671310
59.994843 15.578427
65.358498 -20.770586
50.639946 -47.544144
42.711678 29.518585
67.885895 21.518291
57.283031 -30.219255
55.059563 20.662144
53.195610 -24.108458
67.399643 -9.085742
50.687397 -5.133837
65.408897 -18.082544
5.635722 6.263842
61.862919 -13.346126
56.401836 20.503109
56.086063 -5.302798
42.753304 27.357933
6.954708 3.422595
61.937157 -12.192491
47.456905 27.151823
48.563801 32.149700
53.841873 15.892335
4.237411 -4.172153
69.209541 -9.333416
50.001633 -3.692782
61.065815 -39.547905
9.166663 48.952019
73.778488 -29.606804
4.920982 1.030225
61.897942 -6.177683
41.364510 -6.861553
62.068569 -6.938970
55.752052 4.522157
58.011097 -9.221333
27.538937 5.893009
57.474861 0.393246
68.849083 -50.743214
60.556915 -15.138633
47.279888 4.509012
8.141212 3.368839
65.835808 25.403463
71.942909 -29.459084
69.382530 -23.693514
72.343407 -16.440086
