51.391100 -18.503107
76.627672 -0.540827
61.494019 -1.441757
57.730599 -7.358521
71.099819 -5.756178
50.341093 -8.853778
43.450766 -12.698735
8.026518 1.534716
60.991262 30.506943
49.968005 13.156092
136.189199 30.735636
79.975736 -17.120491
26.341500 -0.061052
51.367408 -16.246930
59.510455 -1.204801
8.078305 2.408037
62.791612 -27.343627
15.604158 0.499668
77.771966 -37.658216
14.393585 2.455773
85.114950 -21.028492
59.715775 9.411785
4.794435 8.879657
61.103374 41.162443
66.346572 32.546713
70.084141 31.866340
119.868972 -33.394442
79.500601 -18.482790
108.805308 -17.333930
32.073348 -6.141189
8.819334 -49.458094
79.627379 2.421250
48.572693 -12.509726
57.350473 -0.031760
70.180556 -1.635674
136.114121 -1.537476
81.008620 -2.777353
9.483217 6.618540
103.482260 -3.113404
40.193781 41.220299
58.333982 -0.604296
80.868483 -38.008958
125.743508 -32.874493
14.584038 8.014462
65.136493 -9.015495
12.212987 -28.688082
5.142768 0.685941
8.694937 46.390283
74.844298 -39.289353
35.877456 -18.379409
40.438268 41.046616
78.052219 -32.378692
80.368637 -41.240826
19.781852 15.735686
88.770024 7.658486
82.003212 -22.502181
30.750119 0.861271
62.807839 -25.045004
67.794183 -8.454801
16.770119 1.798392
5.142815 0.684693
24.663855 -23.691722
55.346074 -18.236615
62.301467 -16.293309
57.071186 -23.616759
71.816595 -14.517633
54.680497 -15.325289
32.148952 23.515710
63.869300 -20.472863
29.951943 -19.615177
28.511041 15.270395
55.335837 -15.576487
61.752819 -21.048018
37.335048 44.340779
69.863300 -36.684473
46.204846 -33.774884
44.303768 -22.468070
47.589109 16.317680
55.218251 34.402952
66.461335 40.579538
8.370190 -8.496245
9.195046 -3.659063
49.420241 2.879723
49.130267 -12.413000
77.328116 18.002282
52.725073 -24.655873
53.033640 -12.636550
53.676854 -8.385634
31.248193 0.690335
81.653007 4.634553
63.156615 2.062428
24.275897 -22.305949
59.514621 2.245914
22.924071 -11.704984
92.019383 -11.823641
82.533198 -10.387832
41.666562 -5.572360
179.829401 -24.104522
59.772217 -1.928679
72.108192 -17.822214
52.512681 -23.748560
29.701330 -8.758093
78.476809 -1.711504
66.361528 13.874001
24.183805 -0.329674
8.555303 14.237409
84.870403 1.337142
130.365559 16.204523
69.369436 1.860359
70.861964 -7.010002
34.303639 -18.210109
55.741395 16.263918
77.426367 33.372251
51.947830 7.790052
35.801557 22.386034
34.421518 27.499289
62.359489 30.978819
82.280222 24.637012
63.100910 -17.066952
80.940452 -7.394127
73.442278 -0.427448
79.500631 -10.782569
49.063597 -0.693991
20.168275 -9.565792
75.135765 -10.744984
48.079461 -9.271544
29.936543 21.420992
72.259536 -37.496334
17.969429 44.145873
75.016569 -17.676805
64.890505 -8.712980
25.509614 -22.896232
35.989744 -26.217911
96.998059 -5.527180
66.250269 -30.227868
20.990294 3.703360
52.729341 -4.162766
24.449409 15.362830
77.474956 -0.189091
9.954611 -28.549007
78.684769 -8.987229
10.413676 0.956899
21.657001 -46.901272
58.122110 1.728444
29.374179 6.372399
79.475891 -4.247844
21.772622 -26.648918
79.054379 -23.133076
10.727912 7.013535
58.971420 -10.717348
70.288518 -14.531704
74.747334 0.624238
68.344895 -6.936587
95.127358 17.905614
62.251512 1.831637
105.735997 -38.082686
52.414618 -0.874873
70.155046 -5.070148
34.851979 25.421711
108.426649 -25.048622
8.907250 -0.414364
129.188312 -6.370483
156.500778 34.638436
152.086037 30.929180
51.284539 2.008387
9.811273 -34.899961
68.554146 1.539354
33.946030 -26.004541
68.610402 -5.696441
85.173662 -19.097511
61.644679 1.346711
32.760551 9.290033
54.938522 6.374324
133.560734 0.626847
29.649667 1.405311
63.429456 -17.559052
59.663606 -19.302600
86.653041 -9.801856
51.996440 -42.181350
24.958645 38.816643
54.277814 -12.455838
50.047779 -3.960204
73.280679 0.263827
12.256348 3.110244
16.826675 -28.725750
26.120256 -1.659420
48.903482 -38.174917
63.251586 6.572874
21.671420 -24.374975
65.292028 -12.202256
82.886760 -9.604938
40.991352 27.477876
57.377145 3.039987
11.828621 33.566182
20.213459 -37.290158
53.018512 -7.987147
71.991547 -11.773844
32.513814 -5.444539
18.344733 -17.864036
63.544606 -3.697587
18.242523 -12.668038
38.056490 20.671291
72.807969 -34.901428
7.055805 14.182673
67.262169 -21.955374
72.696971 -6.656841
41.570531 -9.862586
80.594849 -12.881907
24.103063 1.321334
31.878091 -6.294251
18.834837 -46.882649
57.314340 1.155929
142.845219 2.626512
20.222108 17.513876
53.990699 -4.192854
31.015079 -11.217753
102.220741 8.382704
77.544518 -34.720699
46.860639 3.676636
12.905764 5.818309
73.958475 -5.628799
79.651244 28.223244
11.895661 7.980697
67.571444 16.005873
91.297168 3.389236
32.621627 27.201174
39.857003 27.143638
43.540940 48.567159
29.241014 -4.252189
81.532637 17.135106
35.662815 5.234403
79.417394 -11.958390
116.277614 -5.259230
56.643700 -26.536719
46.938236 -5.510599
50.196168 -27.837109
36.710106 -16.725492
5.492548 10.056710
52.316229 -16.263407
24.924084 36.373640
104.041560 -9.828583
55.227073 -11.669565
78.863935 -0.942787
109.306920 2.099220
39.490031 20.043632
67.311554 10.343309
31.457226 -33.517995
8.119452 9.206338
14.233046 5.193436
59.681349 -4.480409
121.926562 26.901257
24.908738 -21.313762
5.972168 59.480600
4.808232 24.272255
52.531105 -30.924194
15.878093 -1.513869
65.607730 -17.539504
47.180311 -14.637423
36.298228 28.156935
7.916471 46.617635
5.142759 0.684611
50.815539 -6.465411
61.837954 -6.934265
142.942046 -24.124776
79.299053 29.976115
23.909023 8.402658
58.905876 -23.700742
54.857003 -5.074933
53.895871 0.274111
92.955608 -27.902881
27.445079 24.928113
60.712842 -0.474607
74.135356 -0.429759
52.474362 -3.377565
34.152210 -8.653074
60.949451 -17.649433
83.152088 -11.082015
32.790466 -38.142041
76.728557 19.739400
127.458891 35.018739
96.265220 20.901845
53.250925 6.852916
22.399141 16.698564
66.385826 -12.104248
46.776555 -15.117587
71.023290 -13.954257
105.893934 -10.090195
25.235552 6.597616
110.998386 -15.228200
33.878682 25.187280
27.283818 0.945399
62.463516 -25.735315
8.109910 3.060482
10.950878 -0.587071
9.176745 -0.767951
64.866622 -16.737012
5.486884 2.741954
81.264986 38.017550
76.860594 40.976419
13.330016 -15.576888
8.134148 46.605856
52.724862 -1.239996
69.979902 -1.391706
75.279267 3.200312
43.005229 -15.651778
11.588287 0.554237
51.197542 -35.219379
50.504183 -20.682582
41.138812 -25.565994
27.340311 -26.360657
127.173301 33.351836
70.651206 27.008127
39.126938 13.352256
76.799069 21.996711
10.534336 -9.918487
64.010539 -23.056270
13.006580 35.292537
89.471103 -16.859882
58.898652 -43.796676
96.540969 24.052062
66.087211 -30.537370
74.443124 5.176479
61.720713 -11.265237
49.262439 -12.421320
83.683616 -33.056792
71.023479 -13.954202
66.831840 0.964814
66.528786 -21.552474
53.665197 -29.867538
59.631612 -6.624262
55.539888 -1.526457
78.826963 -8.975556
73.950734 -1.439006
60.441760 -20.132416
94.398665 32.970181
22.789636 -31.870152
77.868751 26.695245
66.142447 29.163966
5.142815 0.684693
9.949297 -25.276167
71.848412 7.784975
24.027092 36.281044
8.427562 46.476764
74.774912 8.415713
75.373734 -11.635195
8.449890 46.484532
20.337449 15.690537
38.108466 41.624639
75.892546 -13.691172
62.232140 -3.082683
46.454796 -4.876817
80.507278 -1.820153
180.965643 -12.799470
16.487728 1.704632
24.869708 -16.862985
40.908084 -4.249446
69.279623 -0.572226
49.827218 -7.459426
87.028490 3.935602
67.242386 -1.344484
74.063763 3.330677
72.253312 1.777549
20.385353 -8.231013
63.940146 -2.214844
69.245626 -11.303839
17.571303 4.593069
51.432638 -13.063777
18.707719 -12.042535
79.028808 2.161894
62.187967 -4.433195
108.813684 0.684632
51.461915 -6.004327
32.461895 -10.733915
58.358964 -18.280076
65.922593 -12.705126
60.907636 -1.495213
74.380185 -1.462713
27.920134 -40.556758
126.070690 -32.496469
8.023422 0.905182
58.768894 -6.994808
64.955531 -6.898494
7.398880 -44.328360
53.324030 -13.269705
80.160611 -2.498390
55.536109 -19.033075
51.621590 -24.524626
71.311622 -34.485892
72.646685 -40.413192
68.938865 -16.992383
53.201747 -5.021536
76.850125 -4.193325
75.505176 12.592393
14.997164 0.737035
40.073101 -11.394924
79.523066 -7.490245
74.455969 -17.161890
83.333164 -18.819040
58.934489 -16.361766
115.105305 -19.880170
33.853359 -19.944809
98.815912 -14.672924
112.313834 12.700730
28.319392 -20.592785
59.602743 -15.949056
58.481486 -10.200008
66.559407 -14.416755
53.354227 -13.178001
13.853005 -20.982977
84.500198 -40.630864
80.929355 -9.006865
75.140194 -18.033844
60.998282 2.582585
25.690174 -19.926575
63.271313 -6.164788
147.111852 -17.785987
3.956815 65.131706
57.287593 4.073221
51.447155 -10.029580
6.165829 34.799148
72.796268 32.397508
58.031140 -18.980628
40.216044 -2.576665
67.363529 22.674570
54.583167 15.931463
28.615439 32.660095
51.221318 -13.689893
5.761907 -2.338539
52.726237 10.613603
59.966435 16.149472
36.694826 -7.277956
80.004824 -3.471592
73.899684 12.865489
28.379846 12.704759
14.503290 6.020988
12.342221 -4.672925
35.402831 -30.757984
53.016798 3.163189
56.055720 10.066076
52.494206 18.903057
55.099437 28.082380
15.698654 37.395664
70.898545 13.744417
51.427433 27.900466
49.388040 10.570741
50.739034 -1.596595
113.937305 -39.900763
44.446615 15.027994
59.732080 15.161540
5.791759 -40.698410
17.859683 -3.756892
23.020451 -20.891847
64.086053 23.301729
70.661104 9.164223
24.454104 31.536531
40.905774 -6.023024
29.673586 2.960424
61.624340 -12.134705
75.519209 -16.729604
88.707826 36.238915
96.449587 -3.276198
76.415341 -2.172987
6.169990 -5.007935
128.992532 -29.360784
118.793215 -37.897084
71.932775 -2.765533
82.775284 -5.265894
58.398803 -33.434282
54.770791 2.854434
16.472396 2.482508
67.406814 -11.095520
9.199706 4.911901
56.326416 2.187820
102.667836 -38.749784
43.364886 -35.854469
123.218746 -10.938517
64.880851 -37.968214
66.386345 -20.768515
55.171907 35.055047
49.367598 42.424891
28.169824 -21.811696
16.699641 -14.516079
50.380812 8.621469
63.109685 -29.918795
13.930755 4.013336
5.142759 0.684611
31.858635 -19.206143
76.260627 -22.351241
17.880181 -3.596260
25.689971 -44.147346
63.842430 0.378424
50.757425 -5.978145
65.888954 5.490617
93.241331 11.915726
58.885821 -7.571623
20.074324 -15.259650
102.999453 -7.536514
34.471699 13.409165
8.015183 46.574612
88.676382 -0.144079
75.416988 -30.734113
19.194524 -37.144316
132.417264 29.959384
14.829425 -43.957107
65.196383 25.298993
45.976388 -27.376358
55.488339 -13.458079
65.258549 -33.295530
12.734897 5.575744
53.962050 -12.652084
5.663722 -0.471622
75.686001 0.199030
74.437818 -37.459778
60.590152 -14.819894
68.314229 -18.467212
35.001629 21.701654
54.069723 -37.293515
20.704777 -13.748767
70.929418 -22.967360
15.666926 -46.826202
86.062025 21.636691
55.856710 -26.901148
66.902613 19.300635
54.475339 15.564162
57.654194 38.164263
63.088627 28.551473
74.109276 -4.581807
5.103769 37.669708
54.059595 -16.785007
61.200631 -12.357024
21.569544 -23.952467
29.803301 -18.428147
43.526249 31.467720
71.058147 22.733183
74.632062 18.452673
67.141747 -31.978677
10.470531 -41.122691
5.142823 0.686213
62.114731 3.401091
23.058901 -43.358833
67.101368 -16.287269
11.967252 -2.606047
8.051936 -0.014351
145.927442 22.720395
11.282160 24.704324
11.757573 -6.406451
15.736614 -28.739418
77.813221 -4.861394
19.872329 -20.171883
47.859034 -4.136807
63.193222 -8.244579
70.057350 14.164420
75.862205 -3.157274
93.012113 -9.804270
14.081242 -10.262142
40.433887 -12.279348
86.685267 -6.936544
66.002260 -5.992216
46.122857 -3.985802
57.783705 -25.785540
59.581471 13.032897
80.034928 -27.918283
103.750515 20.813903
69.614853 13.070632
66.362700 -9.491412
136.274978 39.007757
113.622897 25.206134
115.127946 -32.693251
141.347759 14.676842
67.887737 1.881381
60.274051 2.653335
60.447700 -7.540960
57.399807 4.082735
55.687260 -22.403477
50.023575 19.260863
53.323599 10.439630
30.208163 -6.834966
54.002943 11.633967
60.819776 16.344864
69.296764 -25.385372
10.600365 5.431340
24.100759 -9.178362
19.527560 10.684087
41.015956 1.388895
81.561387 -12.566573
21.577979 -11.023533
17.940281 2.363329
10.296328 2.442369
65.712092 -10.950990
76.389285 34.017769
83.757126 0.967960
112.637072 -1.603557
65.042391 29.583064
56.991267 -12.828267
70.440748 -9.631397
74.728959 -1.952533
57.603622 -4.074713
7.803399 50.771016
106.494787 -35.344817
16.353262 -0.056450
6.744703 35.384696
79.374638 22.842228
91.389846 -4.315443
61.868946 -7.030266
63.937916 1.213254
55.306400 -13.425764
24.313479 -18.487111
50.077624 -23.696714
25.668378 -11.418715
52.012492 -4.092577
72.431194 -22.763676
5.569764 5.681439
22.773369 -22.108244
107.465140 4.197034
76.570518 0.927283
57.174809 -11.356838
42.577654 -14.888007
114.502268 -9.643407
158.101339 -12.162066
49.418855 -9.090796
61.456738 -6.372572
60.241371 1.741511
34.600394 -39.698616
72.093189 0.731649
102.275987 -33.556328
40.094532 43.898308
25.477345 2.399796
45.682590 -0.173605
62.607715 -4.822522
75.049265 1.370850
114.320208 -5.913813
54.036191 -5.643620
92.199502 -20.441732
92.323305 -16.641638
30.952941 33.152192
55.334887 15.948534
67.580887 15.081437
25.849259 -13.709849
30.473651 23.734799
34.146299 8.725730
121.499943 -22.645899
18.688692 -32.486717
21.313538 37.353977
143.336235 32.188116
5.464372 -3.591443
56.286237 -12.470592
76.394433 -12.574028
64.758507 7.814533
46.468144 -28.204123
35.070989 -14.351195
81.911396 -6.509595
55.831691 -12.228171
86.887774 -10.559317
5.142815 0.684693
10.880775 12.619743
46.331107 -6.422222
60.014264 -10.871599
50.903918 1.786391
63.416481 -7.984351
78.568771 3.515511
28.277470 -1.242415
12.642593 3.438280
69.451545 -1.527535
55.101811 -7.375053
12.160109 6.122952
35.582725 -26.300115
102.194204 -22.605280
84.564519 -23.483760
71.105351 -1.265875
108.310568 -29.453935
105.613654 -26.273127
5.754756 -8.080157
72.300095 -28.554330
41.229713 -33.455233
92.659914 -19.938321
80.367607 0.104607
47.740818 -11.036836
63.073056 -22.626152
65.859284 12.037384
70.624557 27.519673
64.528616 31.131585
49.084866 7.026535
68.480665 18.134172
64.284434 9.301138
74.475654 1.992783
66.464218 14.748735
49.072615 4.691785
10.003850 4.453431
14.399251 22.556879
5.824244 -7.995456
57.088930 -8.545441
34.955079 -7.282428
99.693113 3.058042
64.787235 -2.356171
28.960393 10.205750
106.201662 4.465982
7.377116 3.347692
79.464969 1.714909
48.572639 -12.509714
64.897005 -11.424412
15.727553 0.252131
73.803595 5.474179
90.279757 22.217489
120.314336 -25.044021
78.573369 -3.409261
70.500715 -4.456241
11.727069 15.410185
5.556713 4.044734
38.066006 5.694338
83.469552 -11.906561
61.878850 0.635298
5.490658 8.056728
15.079384 34.672809
49.875239 34.380726
80.211776 -6.874531
54.899215 12.202964
19.954256 -14.241947
73.506069 -7.883132
78.504528 -5.643494
73.487743 -6.800177
110.566277 -0.802244
73.462031 -0.981800
69.172360 -0.032891
54.342159 -32.003865
46.165283 -19.910448
31.957519 -20.865447
66.894448 -9.326014
36.050627 -35.918654
46.454017 39.536897
16.033407 14.781976
56.167845 8.153950
15.501051 14.091135
27.824689 -40.050470
47.234901 7.352792
79.689688 -13.915485
64.961797 -21.012035
62.279215 -9.273793
20.031055 -39.841893
53.583695 -6.202607
22.085626 -30.418810
71.311476 2.461109
136.225149 24.739658
151.161324 34.365464
81.554331 -0.004726
86.635016 8.229317
94.932012 -11.079084
38.335291 -32.391806
25.311797 -6.766245
6.518714 15.098816
66.382590 -13.951608
7.181204 -2.435147
21.509646 -8.783492
8.524154 46.454860
54.970833 13.624650
113.533314 10.799467
98.570065 5.375684
108.548005 12.649373
71.973284 -4.101525
26.018556 -25.055445
64.868834 -5.035015
35.101281 0.070531
55.687048 -22.403278
54.027657 11.748908
29.886517 -6.970786
39.952682 9.242811
51.429554 29.151016
76.142557 8.609795
53.383565 -17.972107
33.920005 3.060006
73.446872 0.112576
35.827189 -21.013232
65.533702 1.023264
38.475721 -18.840325
56.381938 11.653341
22.532954 -26.473652
52.072486 -4.442093
63.721483 2.691303
52.799248 -11.012822
17.409872 -0.442191
5.532276 5.602642
79.871030 -20.546905
8.034935 15.233406
114.479931 34.294495
69.454915 2.296204
116.181613 -38.493874
17.633689 -4.725982
122.228791 -37.187790
21.302179 -17.417097
31.900338 -18.694037
66.049274 -4.229750
20.194329 0.741300
8.963369 -14.427001
28.372639 -2.028693
74.379488 -7.813634
61.636989 -6.040974
86.381925 -26.864074
97.229331 9.127574
13.502321 5.875042
65.002917 12.264042
58.745993 11.145548
31.410412 -48.176815
76.942990 -5.981268
68.542345 -6.730270
79.719062 -5.652528
6.688959 5.400289
30.712361 -9.746532
68.075847 -0.264206
44.294305 -14.111245
37.215338 -16.209472
73.367390 -8.366299
13.795307 19.685725
66.928171 -6.990646
45.065971 -27.194610
72.559114 -33.778835
53.777928 -19.277304
70.008546 0.111983
78.995857 -4.736944
66.889421 -1.885971
39.602379 -0.537626
30.813825 -4.185213
64.664106 -16.429110
19.404574 -3.272596
67.214031 -5.771041
82.313246 -9.293665
73.365125 -4.369617
8.069077 -38.220134
67.107696 2.632439
29.131395 -6.591972
6.297318 -3.096423
90.954001 -35.226503
9.825495 -34.797380
76.029319 15.865032
148.490950 34.495305
97.456375 25.078751
57.449893 0.661801
89.949306 18.411156
127.134824 16.523886
21.649877 -38.131754
84.499549 -19.526747
76.947509 -11.028092
56.211679 25.300026
58.977545 33.503205
51.204381 1.577676
53.377106 -30.885268
43.430793 -16.264318
37.774960 -35.570859
34.555834 -21.827093
53.733992 -9.783627
56.325162 -7.447284
20.157491 30.737520
24.186673 4.688553
80.580217 -39.023302
10.838676 7.090437
96.928184 -11.017021
69.981192 -1.651590
84.890068 -6.206645
85.227898 15.587154
6.884054 4.638226
77.003052 -10.141952
49.938438 -4.277398
86.627326 -16.412789
88.486921 -0.901409
69.768896 -7.011032
56.840843 -29.698950
52.726237 10.613603
55.644315 -24.042938
60.431769 0.411611
77.134901 -0.409063
90.470482 15.537571
94.320862 21.017216
11.159758 -0.175098
18.773548 -4.247883
42.657577 36.891684
56.855777 12.990227
77.611458 33.253454
36.164739 -3.266621
76.684553 1.451634
62.873823 0.466704
57.730075 -19.435291
38.911846 -1.340397
27.949863 27.666496
5.142815 0.684693
6.747743 10.205604
6.670643 1.162653
41.325059 -12.617663
53.028782 -6.512107
18.780364 -0.571363
34.019236 -32.108838
62.601006 -10.500182
36.556000 -18.057579
105.680380 -34.892792
80.450828 -9.060363
10.486275 30.426347
81.797492 -8.060073
58.299645 20.773591
89.797384 17.914388
55.346684 22.606667
61.458065 12.722319
56.624487 -12.481744
126.053160 -22.295453
16.968871 -3.054478
24.585678 28.377652
85.456386 -4.950214
125.229757 5.801446
35.411565 -18.884625
65.865100 -5.564707
30.780807 -4.321813
56.111182 -37.694537
4.731539 16.576358
5.631890 7.707144
13.513521 -26.270621
70.596222 -1.010543
66.673945 -12.091425
22.060396 -18.786116
72.897965 27.158066
68.656784 27.990584
83.871843 2.229952
69.098863 -1.848390
114.026829 2.547057
88.289293 -12.372234
76.383613 -1.260953
8.955675 -35.154004
76.789928 2.639106
56.162741 9.446577
62.573228 9.192677
95.730419 -10.317232
38.211682 -1.224243
41.786785 -8.030592
65.423683 -21.576713
15.578876 -25.495972
52.652635 15.870462
66.461300 40.579359
99.375037 21.679777
48.007556 37.921428
86.659594 -24.194239
148.947713 12.763562
18.337144 11.439887
186.152362 9.430058
113.431074 5.712092
136.507907 28.456156
35.957354 -15.443918
10.630505 3.867878
8.467484 -18.805396
57.801504 -27.090110
68.762683 -12.540218
59.388785 -0.378150
8.856676 1.846878
93.273232 -11.868706
50.708592 -17.165994
33.236294 -11.501602
17.562472 -13.586631
65.850822 -6.590670
48.572634 -12.509727
67.430507 -21.098200
40.819365 0.271062
94.724076 -10.238693
40.568500 4.408906
73.427376 0.516467
20.012946 -21.190279
58.716101 6.744648
92.862005 -37.436241
11.244702 0.977177
71.247291 -14.358416
27.333463 -27.161225
33.897986 -23.363508
70.307322 -13.743701
104.309128 -22.019713
75.869317 11.971171
76.924429 1.625306
79.201061 -30.307462
59.959261 -10.788536
81.668161 -7.202571
54.245635 -12.303198
65.573016 -9.516157
46.126877 -5.489783
102.918190 -25.081592
69.443412 20.910333
70.766063 16.455523
60.151297 -16.722359
54.480044 -18.230023
53.648997 -11.702181
69.797787 -23.814475
65.689652 -20.983325
76.020403 -28.111603
71.810787 0.975039
41.231564 -0.576573
101.117813 27.286782
113.403258 17.456153
26.971070 45.451805
58.149523 -20.915265
52.984903 -22.755179
45.847153 -25.575212
73.145744 23.441607
8.029691 -17.284550
94.344751 18.215729
56.742311 24.399238
183.990604 -29.808337
52.726228 10.613615
58.341046 8.136006
26.456632 -10.246565
56.840832 -29.698945
55.644304 -24.042932
60.396299 17.527548
59.254928 0.357530
3.654117 -64.571862
13.579112 -0.451554
52.783679 -1.793440
90.607623 13.055990
58.204753 9.077128
23.273518 4.940411
38.751781 6.982817
101.846171 -23.233837
54.297917 -41.817625
58.376110 2.522349
37.417303 -23.989754
67.071014 -5.798667
15.762942 -23.675829
5.142815 0.684693
10.654595 -35.889767
6.431299 0.750576
62.509510 13.817696
59.469051 10.612762
81.490578 24.006417
6.967923 3.365427
32.549515 42.291134
47.070331 2.737345
127.090270 0.897776
5.645659 -47.446885
58.648349 -10.905296
83.466034 12.293305
11.642059 -17.288426
90.720299 17.003490
5.142815 0.684693
9.677226 -0.985245
71.598504 28.955958
58.565822 -0.141664
120.371802 3.875016
110.404016 13.248090
9.796838 19.782324
5.142823 0.686213
54.377360 -15.184873
84.489905 -10.076751
19.768482 6.839597
29.354668 -18.828126
146.028907 -11.270121
46.617016 -10.817135
72.011497 5.353677
115.959185 -15.889742
6.197084 -46.867669
6.756550 -1.128468
76.708899 27.007460
12.439411 3.030046
126.413693 -5.217427
80.135307 -6.064699
36.977101 -7.991069
5.142815 0.684693
70.998417 -14.831385
41.250832 12.124552
34.494382 -5.577125
67.347285 -23.371431
22.778066 -12.864393
48.820166 -5.374592
65.870010 21.333758
33.837070 -11.144127
69.068203 -23.818928
74.154014 0.337126
114.175298 -10.383929
35.064871 3.314725
49.954059 1.121185
64.389846 -6.662363
75.091623 0.703824
138.662014 2.807509
7.696315 0.734673
100.094548 -8.399969
58.832389 0.808138
102.001421 -9.377007
82.323144 -8.258205
41.259409 44.530239
72.008145 -2.206032
36.968245 -12.554401
8.144975 2.546898
108.410018 39.857117
92.826826 4.153452
158.424597 2.460565
51.403212 -11.880289
43.458044 -17.890993
70.563801 -38.142358
76.248290 -2.828708
72.794752 14.418471
73.239718 -8.746246
103.302616 -7.073004
42.927038 -5.394962
14.046243 -5.883075
59.894175 -36.162983
132.207345 29.090173
11.206458 -27.198479
50.652454 -1.539264
70.865978 1.305097
103.422908 -27.780638
76.292111 27.309088
60.151280 -16.722369
94.556803 -27.031438
70.766039 16.455523
73.229773 21.346797
53.648983 -11.702191
50.080595 30.470646
58.768801 37.680824
46.896499 -6.180902
13.114800 -18.594113
62.223076 -0.435584
58.812609 -5.104721
58.254409 -26.313837
61.034090 -6.079501
14.879487 -0.194854
9.993305 23.503720
52.925679 -18.434497
62.678264 -9.994335
92.792321 -7.327536
87.785149 20.688227
91.976789 23.840901
79.795604 -34.837066
88.257200 38.254468
64.733937 -30.039790
11.702785 -9.563944
5.454220 -15.345819
60.588786 -6.739687
25.427230 -21.208212
77.462957 -7.627892
101.148566 18.538683
188.301648 -25.134095
9.165579 -1.033462
72.865564 3.951016
59.431230 0.344571
47.532238 -21.905805
41.491170 -25.776179
60.457464 -9.845066
79.062785 2.788639
63.197275 1.783451
54.522903 -2.782384
8.225494 48.144480
57.805127 -6.151930
36.158968 -36.791784
68.492480 8.297555
47.444965 9.623834
113.972348 -9.446201
37.801525 0.976212
76.999268 -15.979926
63.120601 5.799328
38.475731 -18.840320
42.986026 -16.867777
71.505933 -23.754609
55.334887 15.948534
30.952941 33.152192
84.642955 -2.194969
26.163325 -1.312676
56.707944 -14.741127
73.703983 17.537104
72.735070 -12.866532
29.623819 -27.284769
89.444048 3.605966
75.376261 24.492168
52.945900 4.725999
77.484512 1.961128
72.634157 -1.109818
69.614007 -29.035050
79.138057 20.090387
78.524988 40.096270
22.848484 -2.202112
16.283403 -7.069428
5.742063 6.110006
54.405124 -18.632411
8.125272 2.886113
16.124803 -2.628741
13.942911 4.111878
8.532048 0.098691
9.319125 -1.803854
71.461569 -8.915016
99.715821 18.613826
33.871428 -21.773798
57.317248 -12.469695
78.352595 9.267049
5.312788 -1.135820
70.766046 16.455520
60.151288 -16.722369
68.840988 31.350000
69.443395 20.910330
108.424128 -27.506516
53.648988 -11.702193
103.490447 31.580758
54.031860 -4.125662
72.552931 -5.706627
42.633259 -7.041603
19.044193 1.657780
67.246167 -22.598809
70.820510 2.300482
168.571958 -21.967181
19.936754 -4.093035
20.893015 39.551560
28.661001 -38.795016
150.346151 -37.226729
76.097683 -8.505367
66.471137 5.261970
75.760069 -4.987821
69.825733 -9.575166
86.576756 26.201457
73.276452 18.552907
39.992432 -5.362315
65.135854 2.725404
127.816894 -8.814778
85.920963 -7.790263
53.880483 -4.737046
112.277309 -36.007985
45.329764 6.696957
60.822782 10.034910
78.369087 13.791465
79.392118 25.573476
57.019570 -33.602810
82.194501 -6.907987
25.125010 -27.044422
60.871369 -11.333355
41.912526 -37.247420
8.657097 -35.371161
104.191685 -13.236445
105.175043 -32.304245
5.643157 3.989540
126.764714 9.988762
24.753812 41.871701
81.129377 -6.212530
33.070973 -10.309234
56.337438 -6.013844
83.752534 -29.937361
69.524531 -30.570630
40.829780 -17.669668
79.851423 -13.895919
86.544081 -1.516237
77.412537 -1.429031
71.344631 -4.653835
12.996155 0.496094
60.320724 15.385954
8.068740 46.563632
41.028204 32.022212
74.132380 13.729871
8.278416 -0.056535
74.881716 -36.239768
50.721949 -40.071657
117.900950 -11.747947
54.702367 -15.675066
36.391147 13.835154
53.358860 8.574471
29.501208 -16.040625
81.681169 -12.088878
72.414580 -16.123274
48.712992 -8.082748
13.483841 -21.761861
5.344649 -14.791264
64.403654 -2.077752
18.085221 0.215575
2.614596 0.598179
43.524173 -5.841960
7.666377 2.518615
42.631031 -14.267599
78.497415 0.938370
30.269936 0.443169
75.756218 -13.099003
76.694906 -25.431659
18.617610 0.605683
35.093660 -3.497317
38.045496 5.078410
55.644159 -2.353154
61.775950 -2.568503
67.165462 -10.601848
64.880594 0.916749
70.057639 14.163970
47.862019 -4.135990
63.193211 -8.244579
16.579899 -46.389953
48.847033 -14.229398
65.607655 -17.539529
53.158993 13.956644
57.922296 9.717866
75.973350 35.105672
36.883476 -5.983423
28.450129 0.607133
62.625225 -25.806632
38.421836 -30.946388
59.681747 -38.385722
53.722211 -12.377388
69.689558 -12.585423
12.827355 -24.424128
5.142815 0.684693
64.318739 16.741186
21.337338 8.626980
52.184311 -6.001418
45.661362 -36.882154
58.257386 -3.608185
31.074328 0.005095
57.599456 -18.352548
15.003816 -40.656886
10.823418 -13.425164
85.454545 12.866562
12.439137 0.964778
81.264164 -9.150508
8.500240 46.472088
141.147825 -22.382168
39.785526 3.285029
20.495995 7.070302
67.824694 -37.948791
8.428671 -2.769886
11.651214 4.016257
68.903184 -3.958801
73.197043 -35.210227
165.188967 -16.261405
53.699224 10.061802
60.334290 15.722720
77.923588 -7.616982
20.613755 -29.456246
5.723560 7.590708
12.501201 6.202250
72.232192 -0.336780
62.640349 -10.475668
23.703351 31.385509
55.443767 17.225003
183.705018 10.048984
8.202692 3.367327
28.482957 -3.257146
52.494221 18.902989
59.570556 29.190618
62.648490 38.797599
76.024746 -9.869964
54.368242 26.037650
64.157844 18.101520
14.695433 -30.020801
84.839105 -4.919648
61.509227 0.827564
61.627157 -11.208111
11.151816 0.380539
26.150574 3.972350
54.444121 -25.221847
18.698559 -13.769574
62.142100 16.691724
23.954835 -13.991216
186.909283 1.606511
24.724092 39.602484
164.009670 -28.016680
145.295544 -34.678840
76.365182 -22.013163
12.732756 2.522826
62.238814 -17.183572
54.791466 30.479782
73.268987 -4.384779
132.722875 -2.440684
11.820774 -0.741474
19.348233 -27.842509
54.664206 -14.251152
32.599839 21.172381
5.306428 -49.366321
57.762069 -6.377555
5.497301 0.958345
9.979209 -1.748238
62.007816 -4.049695
77.074397 -36.115378
41.445465 -14.648619
50.683532 -12.951600
66.050873 -14.720104
7.175452 7.544476
78.510530 -8.858688
32.240622 -7.968225
7.798257 4.000168
13.796504 -39.057080
66.118026 -10.681309
57.623578 -38.882870
59.262471 -3.594645
60.854052 2.067592
23.556364 -7.316645
8.070120 2.550548
54.696680 -10.535252
57.812774 24.865036
5.398334 51.016507
11.712435 3.514503
53.087490 -21.632822
50.427627 16.922112
25.569275 -43.362664
92.710335 18.218692
49.968005 13.156092
77.139899 32.534082
10.259186 6.464721
90.576453 12.591037
63.444710 -3.595883
16.905058 -15.643843
76.407147 -34.793092
59.967870 -15.451276
48.535781 -0.029516
76.079673 -8.267971
73.504116 -0.719483
67.187806 -0.410147
41.376340 1.624176
97.281179 -6.537998
48.840019 -3.640307
28.230818 -36.251689
25.143557 -2.197398
40.280784 -7.154697
7.948503 3.005039
5.589664 -4.034998
110.068095 7.228999
4.794466 8.879510
62.306213 40.413520
70.084164 31.866321
66.346595 32.546693
71.630423 -1.356402
60.213185 17.968372
55.112919 -23.973965
54.002946 11.633944
23.758532 -7.371937
26.892387 -24.076185
13.885430 -4.115441
61.703533 -22.418525
69.443393 20.910346
76.020379 -28.111606
102.918173 -25.081591
53.648977 -11.702177
69.797763 -23.814477
65.689631 -20.983325
70.766043 16.455534
60.151273 -16.722358
54.880406 -18.593699
35.831723 -0.509646
10.827824 0.975637
17.908672 -13.409345
56.287210 -2.000779
72.583887 -3.529038
65.187288 -8.814629
23.255074 -0.863017
8.621624 46.437194
65.359021 -0.225001
5.142759 0.684611
42.840106 -26.117720
94.679911 -36.807160
17.559780 -40.676297
72.519223 8.993613
76.386352 -10.549239
14.706266 3.297123
68.402456 0.412531
39.580236 -41.652899
32.549515 42.291134
33.138276 -15.863800
50.355148 24.701281
64.068889 30.562883
17.342858 16.114819
80.379202 4.164985
21.729014 -41.963729
8.642558 46.432539
42.103507 -15.833205
70.198773 -0.869539
62.817462 -36.680578
70.236303 -16.610232
67.763711 -33.011037
16.217820 4.576953
59.849002 4.130163
164.784250 -3.809755
57.924827 1.352389
29.958329 43.858434
9.576561 3.484854
26.765091 -24.206393
78.310992 -9.897616
19.244696 -28.793059
80.335613 -26.121938
20.755046 -19.120454
12.111302 14.864734
65.384261 0.773295
26.917668 1.018623
89.636360 3.654354
80.949138 -19.849206
76.028634 6.604857
37.886115 -22.078713
72.343361 -15.356252
99.793869 -29.086882
12.667523 -16.375847
82.471262 -10.313088
77.851477 32.603876
49.968005 13.156092
77.265766 37.410484
60.274295 -8.630598
70.605321 8.025391
38.552627 -3.669577
44.198922 -15.558113
10.305322 -23.781122
30.956668 -29.289848
58.563789 -10.920108
53.323599 10.439630
69.476687 -28.526573
55.687260 -22.403477
45.838246 27.120574
52.889215 38.698929
17.877325 -34.543495
14.301025 2.198431
63.958538 -23.723531
164.070643 -21.947955
34.853841 -21.892085
108.903433 -33.829356
121.717378 -29.823552
75.326884 -16.500193
135.050815 -26.630534
14.344894 2.226829
5.549660 4.261177
9.192470 -0.820094
20.953126 3.542043
176.052360 -10.269325
37.026969 -7.851499
72.956877 -1.952586
9.385414 -11.514781
75.358547 -2.897604
42.473800 12.368447
73.634352 18.290645
43.337350 -24.127101
7.768022 -39.428901
9.526108 -30.870403
89.483971 38.041097
81.952435 -16.985795
2.231967 83.367778
76.656887 -9.373429
36.247640 -18.931572
54.945728 17.400332
53.699243 10.061756
77.923616 -7.617009
50.052466 -26.735119
56.205363 -3.320011
71.751336 -1.668826
41.620760 -21.767373
52.006522 -18.418338
15.543540 0.528694
66.676099 -34.181613
41.254927 -24.765938
80.552319 -25.075807
84.305997 8.199336
53.940804 -1.953891
10.245121 -1.043611
7.941286 4.302735
92.297418 -2.996874
65.599430 -28.830345
66.859489 23.190153
54.666767 23.648627
57.231121 6.268978
37.896335 1.287989
67.646334 -2.219106
106.920476 -37.564633
68.814814 3.755692
81.345957 -21.480697
11.854458 14.131231
23.380310 -30.276012
58.526625 -12.428178
79.567699 -13.624599
14.092144 -1.644738
69.098819 -32.236962
5.625938 10.626094
69.083496 -31.041644
137.237393 -31.849894
14.230381 -37.925425
72.503862 -9.535968
38.509536 -7.134409
82.050427 1.258882
10.753508 5.022196
50.095913 -12.472492
5.520254 4.924611
71.664644 0.668219
71.926699 4.328043
80.593171 1.549362
47.783128 -24.436061
56.942974 39.445600
73.636792 -3.147038
55.467736 25.258373
82.701603 -23.978902
65.083830 -23.030078
15.121607 3.148911
54.448866 -29.040857
54.395074 -36.640352
81.498436 -2.804547
65.785415 -3.867730
61.179345 -29.142069
56.441487 -10.307826
19.790458 -43.759659
79.793835 4.591551
44.194487 -26.083742
116.493442 -27.041484
64.180272 -22.453350
79.108519 -1.966969
8.541004 46.447250
77.894012 -19.556597
54.018787 1.450306
54.360240 -6.643023
29.168508 -38.358252
29.511661 -3.459220
54.326498 -8.808444
76.676043 2.661947
63.165934 0.198650
43.165684 -16.805265
51.618273 -30.095442
77.186004 -8.344021
9.557914 -3.919191
50.552645 -25.437548
45.794244 -29.178768
60.105748 -21.085476
6.667419 7.166812
50.110650 -23.482283
58.295414 34.923424
50.816085 30.943936
6.418669 -3.080323
81.028589 12.574713
11.280956 5.155570
65.587828 5.138716
10.326106 32.438152
44.606042 13.211243
90.617107 -8.289717
78.309747 -0.048886
44.708272 -25.897113
52.003491 -16.506431
16.582654 -3.262825
78.478790 -8.066341
126.797461 5.382344
77.985064 -19.702075
43.485144 -6.044664
66.174558 25.387399
20.063102 34.002411
72.070443 1.280390
72.026064 -3.779444
57.937720 -3.620706
76.195380 -20.188467
96.899116 -21.724563
62.930594 -7.867612
18.157480 -3.353976
59.755515 -2.805744
67.631992 -3.118936
65.292146 -12.333864
79.738684 -11.132630
59.118428 -25.193472
43.429431 -34.019317
56.845461 -23.536900
60.207725 18.059653
65.807457 15.397513
91.852166 12.315125
54.154782 -6.620815
108.862003 18.242800
60.276422 3.951806
87.509918 -13.197729
12.074610 36.987685
30.123802 19.577262
58.968516 36.222556
55.741342 16.263940
5.142815 0.684693
75.792008 -1.356127
90.307810 -27.039825
18.050259 -4.169367
55.459956 -28.542908
61.146962 14.616823
76.143147 -20.141978
55.376100 20.103612
54.002933 11.633933
82.195904 -5.133482
60.819767 16.344835
73.983682 -6.485780
65.607730 -17.539504
47.182566 -14.637096
55.566290 17.063545
104.509647 17.853252
104.398431 15.122965
45.446435 11.389377
61.180098 -24.402653
4.494535 -65.832734
64.910945 1.338485
7.684781 11.070921
69.864760 -0.909416
94.563494 -8.023560
84.711476 -31.741909
113.223336 -3.067045
83.795782 -24.443625
61.622942 6.862333
179.578184 -40.277916
24.410290 -15.812380
85.499501 2.568148
18.773349 -0.697208
47.111873 -5.611046
6.731169 0.368341
46.117406 -12.552439
69.793850 -39.468818
66.908479 2.804974
10.739811 -0.811365
76.023024 -20.329841
57.469796 -8.839115
174.780530 2.606820
29.542659 0.672689
77.419650 -2.390771
19.871660 4.707089
83.842215 -24.457400
66.835817 -27.696293
7.417593 2.428705
6.798685 -55.678946
94.040465 -13.147493
18.993690 7.307337
96.930399 6.002826
12.481039 -0.839278
23.758532 -7.371937
54.855169 -23.007302
54.002946 11.633944
51.277695 -26.181581
8.304545 6.236150
55.601004 -0.109502
28.326320 1.616338
49.400123 -5.219467
71.237780 -5.856783
63.493883 1.593726
17.009527 2.429624
155.429832 6.154612
60.750258 -5.778410
50.052466 -26.735119
54.945718 17.400831
40.033499 -19.378018
53.699243 10.061756
44.412370 15.386226
73.451712 36.728682
77.243779 32.909772
49.621445 -19.119082
67.158644 -3.666725
80.320803 -3.566437
56.174561 -17.685231
134.532246 13.513973
22.424546 -15.757281
69.443395 20.910330
70.766046 16.455520
60.151288 -16.722369
108.424128 -27.506516
53.648988 -11.702193
10.299914 5.168877
76.916485 -24.422351
6.850401 -5.785123
52.347703 -14.743983
5.426556 60.234710
20.251867 -35.976348
44.906744 -6.059910
52.299186 7.265166
49.872545 -14.152978
65.451266 -23.944674
76.593275 -33.695194
77.945701 -9.302188
51.443579 -29.288297
190.397633 -1.981340
75.177799 -3.111290
49.008485 -13.203882
59.398361 12.922994
72.222295 -14.685018
62.295937 7.636413
5.618013 12.828753
78.230594 -4.999172
21.000950 -1.899538
69.631093 -31.844655
4.767578 8.435326
53.291610 -10.607519
70.343653 -8.734097
9.302274 2.201231
27.974631 32.239680
64.358797 -2.078535
68.567602 2.628560
45.745363 16.356197
31.337931 43.229704
38.554148 22.683666
64.591057 -3.972121
8.936110 5.437247
43.708545 -28.532121
74.441256 -11.427808
54.158929 -36.188838
96.873351 13.645526
71.753145 -7.622676
53.474120 21.024592
19.704612 -42.082689
55.388524 -11.574062
23.918955 -0.498056
56.534336 2.483836
62.236300 -23.480323
76.324244 -9.042527
63.114239 -12.102847
83.173247 -8.292275
77.744655 -29.050004
54.890730 -17.699541
56.774808 -38.450930
91.797283 -4.329009
73.767498 -10.859848
76.784943 -14.303029
56.290036 -31.523487
79.843257 -3.537944
60.716141 19.386977
77.311326 -3.422840
49.180834 25.608185
112.157095 -5.783039
8.992754 -2.948840
78.773704 -18.758554
27.971333 -36.031640
13.900464 7.982248
23.070671 34.964111
75.515522 -6.627499
27.935088 -8.396828
65.776944 6.394543
5.805223 18.411940
7.366597 -5.423566
8.395482 -41.055536
69.856389 -11.832244
85.457871 -9.656994
70.399678 -15.123381
60.408139 13.240692
67.936728 -6.796190
73.503976 -0.400740
15.844504 -3.255969
10.765413 -0.129074
56.756678 -18.840351
72.972240 -7.278732
76.196961 -27.936002
65.892174 24.209773
5.417773 6.354141
24.859571 -25.552523
32.395292 45.250693
23.632317 15.976865
63.060691 -10.331108
48.233874 -8.877697
42.431267 -10.871059
11.065364 0.797767
54.426874 -21.762064
59.068913 -0.053103
48.460977 5.273078
70.389841 3.779768
71.371694 -17.174612
17.809804 -12.112491
66.516820 -3.971276
36.005951 -11.311488
55.556707 -3.170941
66.285579 -0.901315
30.569877 -16.399000
100.156518 0.709100
9.309137 1.709363
75.409604 16.990196
69.817606 8.013657
83.912893 5.042688
32.124243 -34.866459
62.619883 -20.386797
77.084316 -12.037549
87.333908 -15.332635
104.856454 9.623168
94.142661 -12.875381
8.766695 31.400712
69.943308 -5.487114
103.609352 -20.598704
12.214893 0.308493
189.212566 -13.021605
34.076451 -13.170055
118.756326 -32.462952
8.212211 8.543429
60.882702 -6.669501
48.334488 -10.052616
50.927284 -16.226890
58.106517 -7.377451
73.240551 -27.129865
50.446209 -27.975692
67.035721 -24.866277
14.824391 -19.662830
8.587581 46.457634
5.699278 2.916778
70.282583 -27.973219
75.285548 -2.140358
22.249648 0.692902
75.892546 -13.691172
76.544300 -11.378616
38.108466 41.624639
65.644438 23.315305
80.333964 1.590714
51.788360 -5.348172
71.460215 -0.901730
42.694873 0.940521
52.541084 -21.056484
67.016529 -21.595405
14.171131 -5.380973
107.617950 -11.740238
64.182464 -7.628995
43.161198 -13.612757
64.859959 12.725112
37.935764 -11.166124
18.504314 -30.927633
53.445872 10.432187
66.346166 -6.454338
54.615113 -5.494131
92.051061 -28.215478
74.299948 -19.717662
44.780405 -27.776392
55.687260 -22.403477
53.323599 10.439630
12.307267 -0.323536
69.085719 -15.292556
93.087272 14.883341
59.705292 -3.418975
12.468212 -19.673172
27.449619 -0.432633
71.309209 -23.965851
38.573582 -11.184069
56.621305 26.701903
60.605791 28.666047
68.916324 -2.264450
27.728543 -11.351908
48.501538 -42.575339
49.827931 8.954186
74.275794 8.295971
17.107788 -21.313746
13.040062 17.395858
35.559284 -3.833840
76.380261 17.343698
61.036498 36.465048
8.728689 46.377011
91.884804 -15.917311
13.472893 21.448893
9.750160 -2.170321
59.505760 -12.770176
34.507728 -23.559840
62.971657 -13.231500
67.634337 4.271724
9.666985 -4.292115
23.233504 -38.848285
13.372817 6.785080
72.851882 14.917573
88.688607 -18.889306
7.343972 -24.599718
72.074327 3.958748
53.820707 6.978556
47.501102 -5.742120
39.252332 -2.183631
53.146251 -5.028385
15.234540 44.749755
9.838390 6.608425
103.391056 -32.244114
38.011528 23.131004
13.799456 -16.547998
80.975195 21.197813
66.203101 12.060393
73.205854 19.805778
107.995064 14.019462
82.810135 18.041404
75.200565 15.365369
51.264619 5.875552
32.030906 -3.781748
56.749284 -10.612844
68.909521 -15.748132
81.279771 -17.890155
82.868695 -29.700097
78.627387 5.809718
76.943937 -4.219443
76.243656 -9.202350
75.950420 -34.883283
64.533123 -14.350129
75.393641 -40.717593
88.201750 -31.360877
42.967016 -28.005264
109.556236 -14.015805
75.039176 -17.628152
57.710339 -15.493345
9.402701 -4.350770
20.266143 1.116817
66.129288 -27.503588
82.323035 -8.258595
102.001313 -9.377452
60.252282 -4.589269
23.427974 40.272466
34.692274 12.231589
62.317330 -13.777192
10.355662 12.431792
120.054444 -6.197667
88.246473 40.896048
43.206897 -40.364085
11.255115 2.465792
40.629785 9.665718
5.497834 -0.475536
98.815953 -29.892338
29.025078 -14.435596
57.122194 -25.871078
36.301283 -4.819292
58.911855 33.879653
65.101877 -11.796519
54.310906 25.876614
55.785325 37.207297
19.169214 -0.457116
52.494221 18.902989
136.754507 1.838308
45.946186 -36.424868
58.434575 1.099097
10.043251 1.527460
55.230016 -23.181978
53.445891 10.432142
46.360202 -29.870034
5.613067 5.265907
10.985395 -28.628338
62.910077 -12.914001
51.652824 -16.880384
42.557663 -21.029679
80.413848 -10.536696
28.978460 0.632035
101.109771 -7.399223
62.312767 10.564390
22.384294 8.704941
94.384626 -10.401838
52.684519 -7.407238
71.099674 -17.663537
11.195048 -1.324240
77.861038 -10.116240
65.654992 -26.235171
40.267441 0.870498
77.476595 -7.214719
5.142815 0.684693
46.158183 29.230104
36.494819 -24.333519
59.002586 -16.188424
59.468977 -25.119028
34.068298 -40.169109
31.425765 -7.784413
28.502541 -11.539894
99.359744 -29.372897
59.482622 -2.903511
59.738247 -14.129033
73.913738 -1.925542
95.361118 10.157601
33.983409 5.300450
18.504777 1.436807
62.973147 -37.454435
86.108598 -32.203299
53.364626 -22.119365
71.725203 -35.280991
80.419001 -13.265188
66.615419 26.509714
42.021720 9.383850
74.539988 -27.384313
58.951492 42.110391
61.039338 -11.768268
77.168968 -1.840551
35.167443 -7.372318
8.685533 7.129289
62.855266 0.684093
10.050980 18.589208
74.725607 5.493419
34.995210 -5.580704
5.142815 0.684693
54.575304 5.974852
6.749870 -33.906646
65.755384 6.545895
117.891691 2.771245
64.441202 0.311776
33.032853 30.307387
99.240240 36.747885
34.927690 -21.747862
54.255955 -8.329687
23.348892 4.109480
42.212224 37.276084
73.628478 -35.430198
70.951467 10.442891
165.362642 31.136577
23.229643 -2.057132
6.010909 -50.321555
8.374227 46.502439
5.142815 0.684693
45.055701 9.691297
68.570897 7.993859
55.078965 35.383277
30.907572 23.427556
13.315369 -27.548000
121.254494 -21.169176
69.616839 -29.519238
85.194304 1.449027
53.930565 -8.115632
51.807433 -13.822802
81.701605 -30.214550
119.983545 -28.814905
79.364927 -25.095646
24.316575 -19.647351
27.196155 6.142062
66.540052 -13.741447
60.998025 -12.076172
12.184960 -16.435078
95.585963 19.054164
52.522977 -13.832159
35.366690 -1.721870
69.351203 -27.206620
54.471374 -36.739210
68.602613 -23.053117
84.872255 -22.310351
37.865695 -14.440376
104.734739 -16.576810
108.713634 -2.385579
24.132982 4.544811
73.138163 -32.568737
75.698871 -24.920999
104.121702 0.578460
71.142700 -29.969014
3.770954 -27.808109
52.819785 -13.715673
35.974495 -1.957979
101.335003 -3.747566
24.800921 3.391749
15.289627 3.280286
98.690207 -4.098550
56.943576 -5.436921
95.748539 -4.750122
62.481072 8.004942
76.512948 -11.054384
50.805436 -13.523531
31.586277 -21.168304
79.690670 -10.722067
51.466059 -35.334232
63.988046 -16.619804
15.942957 -1.064203
78.050908 -26.025708
58.020997 -21.046550
15.323480 -42.892594
58.313692 33.036140
64.432630 9.707229
82.611688 6.680488
113.682542 29.879181
47.831034 24.906264
22.941316 -17.789817
54.642295 15.930698
52.530203 19.021982
25.417464 41.008439
59.570527 29.190667
157.359480 -6.544402
34.454399 -45.106335
80.963526 18.869464
21.700042 14.481125
73.310002 -2.879616
60.015407 -27.132760
60.948300 17.581793
111.864403 3.442526
68.501877 -40.774494
85.049875 26.246526
66.551110 23.915238
64.444935 -29.294909
110.341074 20.395606
51.292680 -22.767742
71.147496 -1.805743
50.060456 -6.465931
65.867264 -12.322849
4.175424 7.105503
65.170171 -7.507976
53.409038 20.533997
57.434953 -4.630231
41.106552 26.264774
7.683913 1.163000
65.569640 -6.771342
44.660763 27.362628
136.189189 30.735642
54.642295 15.930698
5.532160 -5.401977
72.156525 -0.332922
51.255279 -4.626803
42.577343 -31.540102
8.563671 46.453011
82.026196 -16.862458
5.963573 -2.001976
64.311686 -2.087441
40.286991 -6.593231
151.894322 -2.620019
62.064351 8.370612
58.329855 -4.821376
26.050786 6.894371
57.122424 3.067379
96.313707 -40.247107
134.848006 -11.794678
47.799451 4.558708
7.766741 5.424619
71.515019 31.715761
79.993378 -15.893564
73.778498 -15.017652
97.542672 -4.100114
